lo22/av_22_proc32_modelHB_turbRAS_3.0.1_prism_step5_origin/map_creating/relief_22.asc
ncols         257
nrows         227
xllcorner     530195,48752344
yllcorner     7503727,4955134
cellsize      5
NODATA_value  -9999
[rows 28 to 55 of 227, columns 64 to 127 of 257]
338,7431 339,3213 339,8485 340,2803 340,6736 340,8933 341,0822 341,4446 342,1472 343,1356 344,3219 345,6228 347,1164 348,5571 349,8612 350,8762 351,7101 352,4079 352,9908 353,4683 353,8463 354,1487 354,3417 354,5302 354,8329 354,9922 355,2213 355,8387 356,5586 357,3109 358,0446 358,724 359,3887 359,978 360,5053 361,0134 361,4949 361,9623 362,4473 362,969 363,4998 364,018 364,4529 364,9995 365,6959 366,569 367,6197 368,7997 369,9942 371,123 372,1585 373,114 374,0695 375,0066 375,9503 376,8715 377,7158 378,445 379,0901 379,7255 380,197 380,847 381,5402 382,1964
339,401 340,0062 340,5576 341,3145 341,7992 342,0947 342,3044 342,6172 343,1821 344,0281 345,0879 346,3214 347,6225 348,8882 350,0339 351,0811 351,9889 352,7651 353,4309 353,9972 354,4789 354,8994 355,1018 355,2585 355,5594 355,7744 356,0415 356,5344 357,1636 357,8607 358,5591 359,2003 359,8579 360,4211 360,9651 361,4991 362,0264 362,5605 363,1189 363,6967 364,2706 364,8044 365,1295 365,6514 366,3382 367,1886 368,1897 369,2916 370,3823 371,5803 372,7047 373,7546 374,7891 375,7611 376,7327 377,6729 378,538 379,2883 379,9472 380,5172 381,037 381,6436 382,2902 382,9164
340,0774 340,8041 341,5507 342,333 342,9357 343,3511 343,5938 343,8615 344,3267 345,0814 346,0392 347,11 348,2225 349,301 350,2882 351,3397 352,2873 353,121 353,8567 354,5057 355,0939 355,6559 356,0623 356,3049 356,5597 356,764 356,9988 357,38 357,9025 358,5339 359,2057 359,8304 360,2527 360,8741 361,4626 362,0195 362,5734 363,1485 363,7532 364,3706 364,9674 365,4673 365,8674 366,3456 366,9902 367,7848 368,734 369,7931 370,8816 372,0507 373,1985 374,2835 375,2859 376,356 377,3873 378,3582 379,2461 379,99 380,636 381,2153 381,7724 382,3755 383,0104 383,634
340,8176 341,6439 342,5003 343,3423 344,0631 344,6364 344,9309 345,1889 345,6142 346,3549 347,1933 348,0829 349,0297 349,9836 350,9119 351,8614 352,7615 353,5966 354,3711 355,0932 355,8184 356,4754 356,9931 357,3641 357,6591 357,8549 358,027 358,2913 358,6991 359,2692 359,9149 360,4819 360,9813 361,5453 362,0996 362,6287 363,1632 363,7425 364,3685 365,0064 365,6217 366,1638 366,6373 367,1306 367,6707 368,3746 369,2457 370,1964 371,3162 372,4988 373,6762 374,8026 375,8536 376,923 377,9583 378,9322 379,8209 380,5456 381,2052 381,8277 382,4281 383,0524 383,6989 384,3394
341,5192 342,4403 343,3729 344,2637 345,0647 345,7362 346,2216 346,6543 347,1789 347,8561 348,5206 349,2138 350,0284 350,8936 351,7567 352,6193 353,4389 354,2432 355,0358 355,8315 356,6071 357,3146 357,9107 358,3926 358,7674 358,9488 359,04 359,1794 359,4692 359,9944 360,6138 361,2107 361,7706 362,329 362,8577 363,3315 363,8086 364,3651 364,9967 365,6504 366,2918 366,8918 367,4278 367,9058 368,3467 368,9669 369,7854 370,7026 371,788 372,959 374,1424 375,2222 376,3372 377,4255 378,446 379,3776 380,1601 380,9518 381,6801 382,3736 383,0245 383,6878 384,3642 385,0392
342,1224 343,1453 344,15 345,0814 345,9797 346,7713 347,4384 348,0418 348,6768 349,3584 349,8716 350,3954 351,1517 351,9661 352,7805 353,5793 354,2939 355,0489 355,842 356,6365 357,4037 358,1153 358,746 359,2933 359,7315 359,9046 359,946 359,9917 360,179 360,7102 361,3448 361,9901 362,6081 363,1978 363,7278 364,1277 364,5148 365,0449 365,6728 366,3192 366,976 367,6411 368,2682 368,789 369,1393 369,5584 370,2166 371,1661 372,2569 373,4296 374,647 375,7399 376,847 377,9227 378,9185 379,8269 380,5956 381,3737 382,1253 382,8836 383,5734 384,2955 385,0266 385,788
342,6074 343,7455 344,8106 345,7889 346,7554 347,6606 348,4777 349,2017 349,9008 350,5182 351,0534 351,6249 352,3295 353,1 353,8893 354,6552 355,2542 355,981 356,7305 357,4674 358,1664 358,8267 359,4269 359,9276 360,1665 360,4671 360,617 360,7413 360,9939 361,4847 362,1085 362,7787 363,4464 364,0901 364,6566 364,9998 365,3127 365,864 366,459 367,0393 367,6467 368,3623 369,0994 369,6973 369,9474 370,215 370,8696 371,7538 372,7706 373,8705 375,0084 376,182 377,3441 378,4294 379,3716 380,1628 380,9741 381,7932 382,5604 383,3123 384,0524 384,8575 385,6832 386,5582
343,0101 344,2129 345,217 346,262 347,3132 348,3304 349,2755 350,0616 350,7966 351,4558 352,065 352,6978 353,4026 354,1577 354,9348 355,6468 356,2908 356,9702 357,6471 358,2956 358,8796 359,4525 360,0023 360,4675 360,79 361,0673 361,2633 361,4519 361,752 362,2305 362,8493 363,5392 364,2393 364,899 365,373 365,9231 366,3707 366,8825 367,3986 367,8489 368,3016 368,989 369,7549 370,2725 370,6292 371,0218 371,6439 372,4439 373,3698 374,3709 375,4261 376,6739 377,8981 379,0171 379,9323 380,6931 381,4486 382,2798 383,0282 383,7554 384,4923 385,2896 386,2822 387,2908
343,2958 344,5809 345,5325 346,5353 347,6195 348,729 349,8058 350,6367 351,4129 352,1528 352,8719 353,5912 354,3158 355,0705 355,8505 356,5774 357,2513 357,9115 358,5335 359,0959 359,5318 360,02 360,5405 361,0059 361,377 361,6736 361,9039 362,1414 362,4698 362,9521 363,5725 364,2803 365,0181 365,7252 366,3412 366,9441 367,4638 367,9863 368,4824 368,8198 369,1186 369,5651 370,1552 370,7771 371,2872 371,8022 372,4436 373,2143 374,0872 375,0303 376,0955 377,2966 378,5169 379,6554 380,5162 381,2726 382,022 382,8052 383,5609 384,2972 385,0699 385,9827 387,024 388,0814
343,3871 344,5806 345,4764 346,486 347,6107 348,7795 349,9145 350,8196 351,7004 352,5813 353,4562 354,2979 355,0639 355,8622 356,6533 357,3995 358,0948 358,7499 359,3383 359,8445 360,1181 360,5739 361,0706 361,5417 361,9418 362,266 362,5348 362,8079 363,1622 363,6588 364,3012 365,0457 365,842 366,6045 367,2903 367,9303 368,5038 369,0753 369,6138 369,8554 369,9984 370,2595 370,8448 371,4778 372,0461 372,6181 373,282 374,0512 374,8969 375,7884 376,8062 377,9419 379,1083 380,1559 381,074 381,8783 382,6473 383,4225 384,1961 384,98 385,826 386,8049 387,8969 388,9821
343,4039 344,2991 345,1533 346,2059 347,3642 348,5587 349,7318 350,6746 351,6921 352,7431 353,7864 354,8047 355,6465 356,4806 357,2974 358,065 358,7762 359,4252 359,968 360,3863 360,7183 361,1349 361,6008 362,064 362,482 362,8317 363,1375 363,4485 363,8246 364,361 365,0618 365,8871 366,7382 367,5471 368,2517 368,8933 369,4501 370,0179 370,4828 370,7499 370,9547 371,2695 371,7861 372,3708 372,9185 373,4764 374,1405 374,9072 375,7016 376,561 377,5289 378,6054 379,7473 380,801 381,7255 382,5554 383,3521 384,153 384,9659 385,7961 386,7072 387,7397 388,8678 390,0191
343,749 344,2962 344,9971 345,9602 347,0651 348,2118 349,3199 350,3076 351,4965 352,7047 353,8755 354,9787 355,9555 356,8783 357,7506 358,5498 359,2737 359,9063 360,4021 360,8289 361,2189 361,6415 362,1022 362,5677 362,9983 363,3709 363,7013 364,0209 364,4471 365,0618 365,8777 366,7875 367,7148 368,5713 369,2687 369,9088 370,4108 370,98 371,4119 371,6981 371,9606 372,3295 372,843 373,4163 373,8922 374,3674 375,0054 375,7449 376,5328 377,373 378,2877 379,2833 380,3392 381,485 382,4462 383,3133 384,1592 385,0165 385,8762 386,765 387,7389 388,8363 390,0309 391,2563
344,7298 344,7383 345,1104 345,9189 346,9127 348,0018 349,0971 350,1309 351,3591 352,6206 353,8495 355,0109 356,0913 357,1022 358,0363 358,8712 359,5893 360,1126 360,6886 361,2004 361,6616 362,1137 362,5794 363,0507 363,5027 363,907 364,272 364,5753 365,0543 365,7815 366,6984 367,6876 368,7288 369,6739 370,3719 371,0753 371,6596 372,1428 372,4805 372,7253 372,9961 373,3925 373,9438 374,5529 374,9315 375,298 375,9313 376,6622 377,4529 378,282 379,1705 380,1067 381,1442 382,2369 383,2511 384,1791 385,1135 386,0732 386,9832 387,9211 388,9567 390,1398 391,4346 392,7363
345,8721 345,5258 345,7281 346,2674 347,0487 348,0701 349,1751 350,1774 351,3594 352,5925 353,8166 354,998 356,136 357,2112 358,2019 359,0947 359,8872 360,4471 361,018 361,5731 362,0969 362,5705 363,0432 363,5249 364,0024 364,4592 364,8873 365,1523 365,7047 366,4769 367,4304 368,5025 369,6723 370,7092 371,607 372,4059 373,05 373,4564 373,6815 373,8364 374,0544 374,4305 374,9926 375,5483 375,9806 376,4177 376,9984 377,7055 378,5038 379,329 380,2486 381,156 382,1084 383,1288 384,1667 385,1981 386,2844 387,36 388,3132 389,2994 390,3993 391,6998 393,0967 394,4825
347,4473 346,999 346,8478 347,0056 347,4727 348,4121 349,5439 350,4738 351,525 352,6666 353,8403 354,996 356,1517 357,2618 358,2796 359,1904 359,979 360,6447 361,2944 361,9261 362,5225 363,0179 363,5004 363,9966 364,5038 365,0113 365,4836 365,8804 366,4232 367,1642 368,1097 369,2166 370,4158 371,6705 372,7914 373,7493 374,498 374,8587 374,9942 375,0699 375,2151 375,5404 376,1235 376,6827 377,1328 377,5765 378,1291 378,8394 379,6723 380,5046 381,5658 382,3782 383,23 384,2005 385,2862 386,4617 387,6422 388,7471 389,8391 390,9488 392,1526 393,4963 394,965 396,4234
349,1276 348,5737 348,1897 348,0407 348,2594 348,9105 349,8377 350,7488 351,7557 352,8406 353,9593 355,0473 356,2015 357,3258 358,3528 359,2633 360,0319 360,8086 361,5532 362,2507 362,888 363,4417 363,9611 364,4894 365,0431 365,6338 366,1898 366,6541 367,1767 367,8589 368,7628 369,8976 371,2282 372,6231 373,8981 374,9646 375,7437 376,178 376,3833 376,5158 376,6914 377,014 377,4974 378,0124 378,4166 378,8024 379,3081 380,0278 380,8564 381,745 382,7176 383,6031 384,4595 385,4595 386,6667 387,9469 389,2088 390,3391 391,5995 392,9673 394,1243 395,4517 396,9781 398,5165
350,3669 349,9541 349,5394 349,1527 349,127 349,4846 350,1738 351,0804 352,0817 353,1409 354,2259 355,2163 356,3454 357,4622 358,5042 359,4368 360,1835 361,0446 361,8673 362,6199 363,2945 363,8957 364,4616 365,0426 365,6788 366,3269 366,9408 367,4881 367,9911 368,5964 369,4346 370,5466 372,0047 373,5215 374,8923 376,0394 376,9243 377,4796 377,8129 378,0659 378,2771 378,5524 378,949 379,4504 379,7838 380,0947 380,5618 381,3368 382,178 383,0696 383,9781 384,9267 385,8692 386,9811 388,2267 389,5453 390,8008 392,0458 393,3865 394,806 396,1034 397,5254 399,0761 400,6652
351,5349 351,1891 350,7427 350,2952 350,1416 350,2966 350,8802 351,6509 352,5628 353,5677 354,6476 355,5747 356,6023 357,6746 358,7372 359,7605 360,5676 361,4265 362,2794 363,0726 363,7821 364,4211 365,0389 365,6961 366,3817 367,0745 367,7527 368,3964 368,8863 369,4238 370,239 371,4227 372,8635 374,3895 375,7616 376,9852 377,988 378,7244 379,2292 379,6528 379,899 380,0951 380,3504 380,7393 381,0911 381,4898 382,0579 382,8368 383,6522 384,5444 385,4224 386,4843 387,6313 388,6772 389,872 391,1634 392,4818 393,8556 395,3274 396,8719 398,342 399,696 401,2145 402,8333
352,6871 352,437 352,0912 351,7507 351,5754 351,6285 351,9545 352,4555 353,172 353,9994 354,9186 355,842 356,8397 357,877 358,9231 359,9377 360,8721 361,821 362,7485 363,6049 364,3555 365,032 365,7104 366,4063 367,1153 367,8258 368,5256 369,1972 369,8039 370,356 371,2527 372,4079 373,74 375,1097 376,545 377,8851 379,0333 379,9543 380,6083 381,1858 381,5179 381,7034 381,8787 382,1304 382,4514 382,9055 383,5625 384,3911 385,1618 386,0402 387,0115 388,1256 389,3023 390,3526 391,5495 392,8624 394,2646 395,8019 397,4565 399,069 400,4795 401,8317 403,4124 404,9282
353,8631 353,7273 353,532 353,327 353,1865 353,1547 353,2585 353,4737 353,9288 354,4977 355,2191 356,1355 357,1034 358,0955 359,1021 360,0827 361,1531 362,2282 363,2578 364,1952 364,9891 365,7095 366,4201 367,1367 367,8571 368,5753 369,2946 370,0206 370,7377 371,4822 372,4202 373,5273 374,7336 375,942 377,4229 378,8536 380,1324 381,248 382,1403 382,8273 383,1885 383,335 383,4185 383,5594 383,8269 384,2986 385,019 385,8522 386,6777 387,5819 388,6299 389,816 391,0057 392,1573 393,3434 394,6683 396,1796 397,9398 399,726 401,3499 402,7374 404,0746 405,4389 406,8615
355,0728 355,0454 354,9888 354,9044 354,8088 354,7116 354,6263 354,5505 354,8158 355,1685 355,8267 356,6076 357,4665 358,3903 359,3663 360,3155 361,4808 362,6551 363,775 364,7816 365,6003 366,3665 367,1173 367,8635 368,5951 369,3236 370,0764 370,8928 371,7401 372,644 373,6538 374,7506 375,874 377,0894 378,496 379,9263 381,2905 382,5408 383,598 384,4097 384,7894 384,9146 384,9511 385,0287 385,2511 385,7247 386,5305 387,4135 388,2428 389,1512 390,2709 391,5552 392,8602 394,134 395,3372 396,696 398,3574 400,1928 402,0115 403,6334 404,9074 406,0887 407,3048 408,6547
356,3476 356,3836 356,3841 356,3368 356,2262 356,0457 355,8027 355,5516 355,7124 356,0361 356,5826 357,1786 357,901 358,7537 359,7454 360,7323 361,885 363,084 364,235 365,1875 366,0997 366,9509 367,7702 368,5699 369,3242 370,0746 370,8924 371,7781 372,7384 373,7776 374,8769 375,9669 377,0703 378,241 379,5759 380,9698 382,3692 383,6937 384,8159 385,6164 386,09 386,32 386,4327 386,5805 386,8701 387,4011 388,1999 389,1057 389,8902 390,776 392 393,3838 394,8196 396,2054 397,5841 399,0786 400,6869 402,4655 404,1838 405,6518 406,8505 407,9371 409,0296 410,3326
357,5861 357,6696 357,6979 357,6704 357,567 357,3783 357,1175 356,876 356,8265 356,9612 357,2913 357,7478 358,3442 359,0882 359,9894 361,0493 362,2375 363,4688 364,6784 365,63 366,5496 367,4539 368,3475 369,2289 370,0201 370,8248 371,669 372,6033 373,6475 374,8049 376,0143 377,1796 378,2846 379,3457 380,5369 381,9233 383,3219 384,6533 385,7636 386,6187 387,2247 387,6072 387,8531 388,1252 388,4737 389,0236 389,8331 390,7024 391,5815 392,5992 393,8324 395,2703 396,8056 398,3397 399,8841 401,4467 403,0109 404,6293 406,1265 407,5087 408,6315 409,6718 410,6563 411,9575
358,7494 358,871 358,9138 358,9065 358,8422 358,7045 358,4875 358,2324 358,0019 357,9364 358,0676 358,373 358,8453 359,4771 360,2862 361,3854 362,5599 363,7433 364,885 365,8727 366,8397 367,8059 368,7786 369,7641 370,5884 371,4539 372,3212 373,3037 374,4056 375,6534 377,0835 378,3943 379,5275 380,4804 381,6328 382,9037 384,1846 385,3999 386,5627 387,516 388,248 388,7844 389,1663 389,5959 389,9958 390,5577 391,4119 392,3363 393,3275 394,4597 395,7069 397,2103 398,7855 400,4134 402,0791 403,6921 405,1508 406,6118 407,9969 409,2544 410,2586 411,2849 412,2811 413,5252
359,8058 359,9619 360,0187 360,0359 360,0238 359,9581 359,8085 359,5521 359,1604 358,9529 358,9437 359,1105 359,4692 360,0705 360,9023 361,9091 362,9573 363,9977 365,0015 366,0046 367,0072 368,0003 368,989 369,959 370,8727 371,8128 372,7879 373,862 375,0491 376,538 378,153 379,5723 380,689 381,6902 382,7685 383,9186 385,079 386,2441 387,3587 388,3474 389,1696 389,8392 390,3079 390,8578 391,4243 392,139 393,0226 393,9826 395,0792 396,3065 397,6606 399,1681 400,6946 402,3572 404,0458 405,5776 406,9965 408,3575 409,6285 410,715 411,6874 412,6927 413,7795 415,019
360,6508 360,9012 361,0282 361,0844 361,0924 361,0332 360,8682 360,5808 360,2056 360,0085 359,9572 360,0397 360,3205 360,9549 361,7484 362,6331 363,507 364,3654 365,1989 366,1765 367,1679 368,1457 369,1107 370,0436 371,0464 372,0763 373,1234 374,2402 375,5276 377,2679 379,0957 380,5533 381,7565 382,8282 383,886 384,9551 386,0156 387,0786 388,1148 389,0979 389,9674 390,7285 391,409 392,0695 392,7582 393,5816 394,5635 395,5814 396,8127 398,1534 399,5768 401,0413 402,5461 404,1222 405,7055 407,2091 408,59 409,8855 411,0507 412,0864 413,048 414,0523 415,2063 416,5384
361,586 361,851 362,0026 362,0704 362,08 362,0236 361,8783 361,6406 361,3677 361,1872 361,1324 361,2349 361,5463 362,1216 362,817 363,572 364,2519 364,9587 365,695 366,5432 367,4508 368,3837 369,3265 370,2269 371,3065 372,4244 373,5368 374,6711 376,0571 377,924 379,7956 381,3877 382,7343 383,901 384,9689 385,9807 386,9519 387,901 388,8237 389,7663 390,6415 391,4929 392,3231 393,1496 393,9661 394,9121 395,9883 397,1826 398,5283 399,9645 401,4227 402,8806 404,3237 405,8173 407,3572 408,7425 410,0429 411,2911 412,456 413,5336 414,5577 415,65 416,9899 418,502
362,5405 362,8202 362,9771 363,038 363,0407 362,9941 362,8883 362,7275 362,5516 362,4282 362,4033 362,5303 362,8506 363,39 363,9836 364,638 365,1198 365,6932 366,3317 367,0727 367,8951 368,7904 369,7613 370,7044 371,7853 372,9564 374,1475 375,2827 376,8541 378,6851 380,4916 382,185 383,6615 384,9132 386,0028 386,9959 387,9058 388,7502 389,5013 390,3056 391,2557 392,2031 393,1454 394,0949 395,0687 396,1593 397,3723 398,714 400,1821 401,7228 403,2426 404,715 406,0978 407,5779 409,0008 410,1983 411,4283 412,6835 413,9413 415,1732 416,3532 417,649 419,0891 420,6352
