lo22/av_22_proc32_modelHB_turbRAS_3.0.1_prism_step5_origin/map_creating/relief_22.asc
ncols         257
nrows         227
xllcorner     530195,48752344
yllcorner     7503727,4955134
cellsize      5
NODATA_value  -9999
[rows 168 to 195 of 227, columns 0 to 63 of 257]
-9999 -9999 -9999 -9999 -9999 -9999 -9999 -9999 -9999 -9999 -9999 -9999 -9999 -9999 -9999 -9999 -9999 -9999 -9999 -9999 -9999 -9999 -9999 -9999 491,8715 494,8058 497,8956 501,0258 504,1186 507,0755 509,8987 512,6033 515,1731 517,5698 519,777 521,8326 523,8406 525,8429 527,9565 530,0716 532,1077 534,0024 535,6695 537,2697 538,7836 540,1918 541,6483 543,1344 544,7062 546,2516 547,7479 549,2361 550,6713 552,2076 553,7846 555,251 556,6276 557,8587 559,0508 560,356 561,7462 563,3232 564,8961 566,5103
-9999 -9999 -9999 -9999 -9999 -9999 -9999 -9999 -9999 -9999 -9999 -9999 -9999 -9999 -9999 -9999 -9999 -9999 -9999 -9999 -9999 -9999 -9999 -9999 -9999 497,8689 501,0588 504,2356 507,2442 510,0576 512,6815 515,2259 517,7233 520,1285 522,4055 524,5582 526,6238 528,6741 530,7797 532,8533 534,8216 536,6179 538,2206 539,7641 541,2223 542,6561 544,1309 545,5908 547,1597 548,7198 550,2799 551,8556 553,4282 555,0883 556,7747 558,3619 559,8345 561,1028 562,3315 563,7414 565,2015 566,7598 568,3363 569,9484
-9999 -9999 -9999 -9999 -9999 -9999 -9999 -9999 -9999 -9999 -9999 -9999 -9999 -9999 -9999 -9999 -9999 -9999 -9999 -9999 -9999 -9999 -9999 -9999 -9999 -9999 504,2482 507,3669 510,276 512,9384 515,3619 517,7765 520,2148 522,6472 524,9976 527,2371 529,3724 531,4642 533,5903 535,5463 537,4056 539,1146 540,6239 542,1246 543,5613 545,0166 546,4955 548,0092 549,604 551,1844 552,8201 554,4907 556,1649 557,9617 559,7957 561,5399 563,2007 564,5951 565,8675 567,2501 568,7298 570,2379 571,7493 573,3247
-9999 -9999 -9999 -9999 -9999 -9999 -9999 -9999 -9999 -9999 -9999 -9999 -9999 -9999 -9999 -9999 -9999 -9999 -9999 -9999 -9999 -9999 -9999 -9999 -9999 -9999 -9999 510,3406 513,1189 515,5799 517,912 520,2661 522,7017 525,1689 527,5974 529,9119 532,0828 534,2478 536,2809 538,1196 539,8442 541,4264 542,9171 544,4001 545,8191 547,322 548,8304 550,3974 552,0615 553,7573 555,4268 557,1829 559,0079 560,8889 562,8501 564,7733 566,5446 568,079 569,3959 570,7317 572,1707 573,6884 575,173 576,6377
-9999 -9999 -9999 -9999 -9999 -9999 -9999 -9999 -9999 -9999 -9999 -9999 -9999 -9999 -9999 -9999 -9999 -9999 -9999 -9999 -9999 -9999 -9999 -9999 -9999 -9999 -9999 -9999 515,6626 518,0522 520,3656 522,7395 525,2034 527,7311 530,2248 532,6141 534,8367 536,9278 538,852 540,5339 542,1364 543,621 545,0969 546,59 548,0936 549,6526 551,1942 552,8267 554,5508 556,3001 558,0898 559,9539 561,8829 563,8874 565,9056 567,9358 569,812 571,371 572,7244 574,0903 575,5042 577,0322 578,5825 580,0375
-9999 -9999 -9999 -9999 -9999 -9999 -9999 -9999 -9999 -9999 -9999 -9999 -9999 -9999 -9999 -9999 -9999 -9999 -9999 -9999 -9999 -9999 -9999 -9999 -9999 -9999 -9999 -9999 -9999 -9999 522,7654 525,1926 527,7166 530,2899 532,8339 535,2493 537,4237 539,4055 541,1743 542,7875 544,3181 545,7346 547,2408 548,7677 550,3597 552,0167 553,6754 555,3104 557,0757 558,9154 560,8428 562,829 564,8438 566,8965 568,963 571,0419 572,9904 574,5598 575,9201 577,3035 578,7725 580,3799 582,0343 583,6204
-9999 -9999 -9999 -9999 -9999 -9999 -9999 -9999 -9999 -9999 -9999 -9999 -9999 -9999 -9999 -9999 -9999 -9999 -9999 -9999 -9999 -9999 -9999 -9999 -9999 -9999 -9999 -9999 -9999 -9999 -9999 527,5995 530,1677 532,7701 535,3118 537,7174 539,7571 541,5898 543,2695 544,848 546,349 547,8319 549,3851 550,9528 552,6613 554,4045 556,0944 557,8227 559,6869 561,6544 563,784 565,8644 567,9279 569,9872 572,0137 574,1127 576,0258 577,649 579,1176 580,5508 582,0963 583,8537 585,6693 587,4108
-9999 -9999 -9999 -9999 -9999 -9999 -9999 -9999 -9999 -9999 -9999 -9999 -9999 -9999 -9999 -9999 -9999 -9999 -9999 -9999 -9999 -9999 -9999 -9999 -9999 -9999 -9999 -9999 -9999 -9999 -9999 -9999 532,4744 535,058 537,5256 539,7818 541,7422 543,5142 545,1713 546,7589 548,3026 549,8669 551,4911 553,1898 554,9861 556,7909 558,5505 560,3887 562,4084 564,5853 566,8519 569,0728 571,1631 573,2154 575,1725 577,1724 579,0854 580,7767 582,371 583,9822 585,6793 587,5351 589,5022 591,3005
-9999 -9999 -9999 -9999 -9999 -9999 -9999 -9999 -9999 -9999 -9999 -9999 -9999 -9999 -9999 -9999 -9999 -9999 -9999 -9999 -9999 -9999 -9999 -9999 -9999 -9999 -9999 -9999 -9999 -9999 -9999 -9999 -9999 537,1198 539,5001 541,6249 543,5317 545,3029 547,0016 548,6342 550,2466 551,8878 553,5901 555,4005 557,3113 559,2233 561,072 563,0447 565,2141 567,5716 569,9931 572,3306 574,5 576,4642 578,3339 580,2534 582,1758 584,015 585,7565 587,548 589,4323 591,3954 593,3862 595,0916
-9999 -9999 -9999 -9999 -9999 -9999 -9999 -9999 -9999 -9999 -9999 -9999 -9999 -9999 -9999 -9999 -9999 -9999 -9999 -9999 -9999 -9999 -9999 -9999 -9999 -9999 -9999 -9999 -9999 -9999 -9999 -9999 -9999 -9999 541,2697 543,3438 545,2594 547,1115 548,8702 550,5792 552,2886 553,9627 555,7037 557,611 559,6169 561,6354 563,6699 565,7479 568,0708 570,5801 573,1356 575,5892 577,8258 579,7466 581,5239 583,4093 585,3605 587,3163 589,2428 591,1654 593,147 595,1492 597,0298 598,5521
-9999 -9999 -9999 -9999 -9999 -9999 -9999 -9999 -9999 -9999 -9999 -9999 -9999 -9999 -9999 -9999 -9999 -9999 -9999 -9999 -9999 -9999 -9999 -9999 -9999 -9999 -9999 -9999 -9999 -9999 -9999 -9999 -9999 -9999 -9999 545,0511 547,0415 548,9984 550,8484 552,6965 554,4667 556,1221 557,8656 559,7736 561,82 563,9785 566,1718 568,4383 570,9106 573,5712 576,1965 578,7354 580,993 582,9989 584,8149 586,6852 588,6851 590,7124 592,7325 594,7352 596,6545 598,5359 600,1274 601,4383
-9999 -9999 -9999 -9999 -9999 -9999 -9999 -9999 -9999 -9999 -9999 -9999 -9999 -9999 -9999 -9999 -9999 -9999 -9999 -9999 -9999 -9999 -9999 -9999 -9999 -9999 -9999 -9999 -9999 -9999 -9999 -9999 -9999 -9999 -9999 -9999 -9999 550,9289 552,97 554,9175 556,7025 558,3676 559,9826 561,8208 563,8998 566,186 568,615 571,0612 573,7016 576,4174 579,1024 581,6456 583,9866 586,0957 588,0995 590,124 592,1475 594,1946 596,1772 598,1249 599,8731 601,4777 602,8199 603,9597
-9999 -9999 -9999 -9999 -9999 -9999 -9999 -9999 -9999 -9999 -9999 -9999 -9999 -9999 -9999 -9999 -9999 -9999 -9999 -9999 -9999 -9999 -9999 -9999 -9999 -9999 -9999 -9999 -9999 -9999 -9999 -9999 -9999 -9999 -9999 -9999 -9999 -9999 555,1628 557,1281 558,8737 560,3901 561,9467 563,771 565,9354 568,4321 571,0174 573,6512 576,3633 579,1182 581,7794 584,3351 586,7522 589,0665 591,3455 593,6122 595,7092 597,6555 599,4941 601,1985 602,7109 604,0825 605,1931 606,1729
-9999 -9999 -9999 -9999 -9999 -9999 -9999 -9999 -9999 -9999 -9999 -9999 -9999 -9999 -9999 -9999 -9999 -9999 -9999 -9999 -9999 -9999 -9999 -9999 -9999 -9999 -9999 -9999 -9999 -9999 -9999 -9999 -9999 -9999 -9999 -9999 -9999 -9999 -9999 559,2582 560,8643 562,3325 563,8731 565,7463 568,067 570,6935 573,4692 576,2614 579,0521 581,7354 584,3275 586,8488 589,3586 591,8984 594,4908 596,9138 599,0089 600,8881 602,539 604,0247 605,2786 606,4365 607,4624 608,4263
-9999 -9999 -9999 -9999 -9999 -9999 -9999 -9999 -9999 -9999 -9999 -9999 -9999 -9999 -9999 -9999 -9999 -9999 -9999 -9999 -9999 -9999 -9999 -9999 -9999 -9999 -9999 -9999 -9999 -9999 -9999 -9999 -9999 -9999 -9999 -9999 -9999 -9999 -9999 -9999 562,8281 564,3279 565,9142 567,9465 570,4133 573,2035 576,1126 579,011 581,7531 584,3452 586,8297 589,3058 591,8924 594,6556 597,3995 599,8252 601,9792 603,8322 605,3211 606,6263 607,7578 608,8337 609,8922 610,9821
-9999 -9999 -9999 -9999 -9999 -9999 -9999 -9999 -9999 -9999 -9999 -9999 -9999 -9999 -9999 -9999 -9999 -9999 -9999 -9999 -9999 -9999 -9999 -9999 -9999 -9999 -9999 -9999 -9999 -9999 -9999 -9999 -9999 -9999 -9999 -9999 -9999 -9999 -9999 -9999 -9999 566,4267 568,2015 570,4036 573,0496 575,9658 578,9697 581,8386 584,5023 586,9821 589,3954 591,8384 594,5173 597,311 600,0359 602,5001 604,6539 606,4398 607,8865 609,1711 610,3055 611,4565 612,7044 614,1204
-9999 -9999 -9999 -9999 -9999 -9999 -9999 -9999 -9999 -9999 -9999 -9999 -9999 -9999 -9999 -9999 -9999 -9999 -9999 -9999 -9999 -9999 -9999 -9999 -9999 -9999 -9999 -9999 -9999 -9999 -9999 -9999 -9999 -9999 -9999 -9999 -9999 -9999 -9999 -9999 -9999 -9999 570,7123 573,1309 575,9254 578,9386 581,9127 584,7151 587,2564 589,6694 592,0665 594,5588 597,2123 599,9348 602,5671 604,9616 607,0526 608,8301 610,2856 611,6693 613,0444 614,4959 616,0175 617,6372
-9999 -9999 -9999 -9999 -9999 -9999 -9999 -9999 -9999 -9999 -9999 -9999 -9999 -9999 -9999 -9999 -9999 -9999 -9999 -9999 -9999 -9999 -9999 -9999 -9999 -9999 -9999 -9999 -9999 -9999 -9999 -9999 -9999 -9999 -9999 -9999 -9999 -9999 -9999 -9999 -9999 -9999 -9999 -9999 578,9648 581,9469 584,8542 587,5462 589,9615 592,337 594,7863 597,3305 599,9561 602,5723 605,0408 607,2837 609,2703 610,9933 612,5768 614,1725 615,8538 617,6073 619,3662 621,0498
-9999 -9999 -9999 -9999 -9999 -9999 -9999 -9999 -9999 -9999 -9999 -9999 -9999 -9999 -9999 -9999 -9999 -9999 -9999 -9999 -9999 -9999 -9999 -9999 -9999 -9999 -9999 -9999 -9999 -9999 -9999 -9999 -9999 -9999 -9999 -9999 -9999 -9999 -9999 -9999 -9999 -9999 -9999 -9999 -9999 584,9042 587,6725 590,1687 592,5415 594,9585 597,5255 600,1481 602,7573 605,2537 607,518 609,5651 611,3962 613,1172 614,843 616,7001 618,72 620,6566 622,4852 624,1602
-9999 -9999 -9999 -9999 -9999 -9999 -9999 -9999 -9999 -9999 -9999 -9999 -9999 -9999 -9999 -9999 -9999 -9999 -9999 -9999 -9999 -9999 -9999 -9999 -9999 -9999 -9999 -9999 -9999 -9999 -9999 -9999 -9999 -9999 -9999 -9999 -9999 -9999 -9999 -9999 -9999 -9999 -9999 -9999 -9999 -9999 590,3459 592,7545 595,1229 597,6186 600,3398 603,0352 605,6156 607,9974 610,0386 611,8965 613,6207 615,3672 617,2374 619,385 621,5535 623,5893 625,3524 626,9196
-9999 -9999 -9999 -9999 -9999 -9999 -9999 -9999 -9999 -9999 -9999 -9999 -9999 -9999 -9999 -9999 -9999 -9999 -9999 -9999 -9999 -9999 -9999 -9999 -9999 -9999 -9999 -9999 -9999 -9999 -9999 -9999 -9999 -9999 -9999 -9999 -9999 -9999 -9999 -9999 -9999 -9999 -9999 -9999 -9999 -9999 -9999 595,5178 597,9119 600,5677 603,3494 606,0001 608,494 610,6679 612,5886 614,3709 616,0677 617,9331 619,9705 622,1777 624,3611 626,3295 628,0077 629,4835
-9999 -9999 -9999 -9999 -9999 -9999 -9999 -9999 -9999 -9999 -9999 -9999 -9999 -9999 -9999 -9999 -9999 -9999 -9999 -9999 -9999 -9999 -9999 -9999 -9999 -9999 -9999 -9999 -9999 -9999 -9999 -9999 -9999 -9999 -9999 -9999 -9999 -9999 -9999 -9999 -9999 -9999 -9999 -9999 -9999 -9999 -9999 -9999 -9999 603,7568 606,4368 608,9884 611,297 613,3333 615,1981 616,9893 618,7751 620,723 622,8276 625,0019 627,098 628,9772 630,5241 631,9291
-9999 -9999 -9999 -9999 -9999 -9999 -9999 -9999 -9999 -9999 -9999 -9999 -9999 -9999 -9999 -9999 -9999 -9999 -9999 -9999 -9999 -9999 -9999 -9999 -9999 -9999 -9999 -9999 -9999 -9999 -9999 -9999 -9999 -9999 -9999 -9999 -9999 -9999 -9999 -9999 -9999 -9999 -9999 -9999 -9999 -9999 -9999 -9999 -9999 -9999 -9999 611,8901 614,0583 615,9951 617,8606 619,7187 621,5953 623,6491 625,7173 627,7833 629,7479 631,485 632,9578 634,3228
-9999 -9999 -9999 -9999 -9999 -9999 -9999 -9999 -9999 -9999 -9999 -9999 -9999 -9999 -9999 -9999 -9999 -9999 -9999 -9999 -9999 -9999 -9999 -9999 -9999 -9999 -9999 -9999 -9999 -9999 -9999 -9999 -9999 -9999 -9999 -9999 -9999 -9999 -9999 -9999 -9999 -9999 -9999 -9999 -9999 -9999 -9999 -9999 -9999 -9999 -9999 -9999 -9999 618,6563 620,5257 622,4673 624,4645 626,5068 628,5353 630,4385 632,2593 633,9033 635,2939 636,6361
-9999 -9999 -9999 -9999 -9999 -9999 -9999 -9999 -9999 -9999 -9999 -9999 -9999 -9999 -9999 -9999 -9999 -9999 -9999 -9999 -9999 -9999 -9999 -9999 -9999 -9999 -9999 -9999 -9999 -9999 -9999 -9999 -9999 -9999 -9999 -9999 -9999 -9999 -9999 -9999 -9999 -9999 -9999 -9999 -9999 -9999 -9999 -9999 -9999 -9999 -9999 -9999 -9999 -9999 623,1459 625,1502 627,1849 629,2014 631,1011 632,9106 634,6344 636,1793 637,5955 638,9763
-9999 -9999 -9999 -9999 -9999 -9999 -9999 -9999 -9999 -9999 -9999 -9999 -9999 -9999 -9999 -9999 -9999 -9999 -9999 -9999 -9999 -9999 -9999 -9999 -9999 -9999 -9999 -9999 -9999 -9999 -9999 -9999 -9999 -9999 -9999 -9999 -9999 -9999 -9999 -9999 -9999 -9999 -9999 -9999 -9999 -9999 -9999 -9999 -9999 -9999 -9999 -9999 -9999 -9999 -9999 -9999 629,7916 631,7222 633,5243 635,2695 636,9547 638,4999 639,9864 641,454
-9999 -9999 -9999 -9999 -9999 -9999 -9999 -9999 -9999 -9999 -9999 -9999 -9999 -9999 -9999 -9999 -9999 -9999 -9999 -9999 -9999 -9999 -9999 -9999 -9999 -9999 -9999 -9999 -9999 -9999 -9999 -9999 -9999 -9999 -9999 -9999 -9999 -9999 -9999 -9999 -9999 -9999 -9999 -9999 -9999 -9999 -9999 -9999 -9999 -9999 -9999 -9999 -9999 -9999 -9999 -9999 -9999 -9999 635,9218 637,6711 639,3958 641,0001 642,6328 644,2535
-9999 -9999 -9999 -9999 -9999 -9999 -9999 -9999 -9999 -9999 -9999 -9999 -9999 -9999 -9999 -9999 -9999 -9999 -9999 -9999 -9999 -9999 -9999 -9999 -9999 -9999 -9999 -9999 -9999 -9999 -9999 -9999 -9999 -9999 -9999 -9999 -9999 -9999 -9999 -9999 -9999 -9999 -9999 -9999 -9999 -9999 -9999 -9999 -9999 -9999 -9999 -9999 -9999 -9999 -9999 -9999 -9999 -9999 -9999 -9999 642,0128 643,7745 645,5303 647,223
