lo22/av_22_proc32_modelHB_turbRAS_3.0.1_prism_step5_origin/map_creating/relief_22.asc
ncols         257
nrows         227
xllcorner     530195,48752344
yllcorner     7503727,4955134
cellsize      5
NODATA_value  -9999
[rows 168 to 195 of 227, columns 128 to 191 of 257]
625,8395 625,6743 625,4628 625,2274 624,8687 624,2732 623,4529 622,5515 622,0283 622,3992 623,8112 625,9182 628,2947 630,5544 632,6904 634,7359 636,6351 638,4613 640,0369 641,5681 643,1905 645,1015 647,4147 650,1787 653,0498 656,0125 659,2085 662,6501 666,3699 670,325 674,3138 678,0771 681,3734 684,4185 687,2715 690,1675 693,296 696,6799 700,4026 704,1364 707,6116 710,8459 714,0043 717,0731 720,1661 723,3103 726,4545 729,658 732,7775 735,8072 738,8637 741,9102 744,9773 747,9799 750,817 753,4708 755,9375 758,3311 760,7211 763,0778 765,3669 767,6099 769,7877 771,8866
629,056 628,7941 628,4668 628,2054 627,9066 627,4063 626,6448 625,7719 625,2309 625,4561 626,634 628,5869 630,7856 633,0301 635,2656 637,447 639,4803 641,2657 642,7542 644,1178 645,4969 647,2151 649,4831 652,0697 654,7859 657,5911 660,581 663,8741 667,4395 671,2081 675,0695 678,77 682,0455 685,0591 687,9468 690,8558 694,038 697,4771 701,2016 704,911 708,3967 711,5859 714,7124 717,8494 721,0308 724,3317 727,5981 730,8035 733,9911 737,1176 740,2961 743,5928 746,9285 750,1539 753,174 755,8768 758,4227 760,935 763,5006 765,9747 768,3773 770,6904 772,8973 774,9935
632,0107 631,7234 631,3864 631,1832 631,0146 630,6921 630,1041 629,356 628,7999 628,8594 629,7987 631,4457 633,4341 635,6163 637,9274 640,2214 642,361 644,1954 645,6359 646,8704 648,1317 649,7493 651,8179 654,1978 656,7155 659,3403 662,1189 665,1768 668,5681 672,1257 675,7552 679,3391 682,6171 685,6638 688,687 691,697 694,944 698,4926 702,1459 705,6837 709,0444 712,1702 715,2896 718,5502 721,8804 725,2983 728,6703 731,887 735,0453 738,2366 741,5119 744,9927 748,5623 751,9742 755,125 757,9841 760,6926 763,4092 766,1449 768,836 771,335 773,7204 775,8975 777,9686
634,8284 634,6177 634,4116 634,323 634,2884 634,1312 633,7172 633,0956 632,5274 632,4596 633,214 634,6075 636,3484 638,4258 640,722 643,0678 645,2728 647,1246 648,5989 649,736 650,8575 652,3365 654,2088 656,3455 658,6978 661,1343 663,7472 666,6061 669,8009 673,1713 676,5926 680,0358 683,3094 686,3894 689,4831 692,606 695,9189 699,5116 703,1288 706,4952 709,6664 712,7184 715,8478 719,2762 722,8253 726,2918 729,6702 732,9128 736,0557 739,2878 742,6362 746,1503 749,8246 753,4417 756,7697 759,8233 762,7494 765,685 768,6719 771,5367 774,1863 776,587 778,7816 780,8083
637,4704 637,361 637,2858 637,3338 637,4558 637,4829 637,2788 636,8572 636,4295 636,3802 636,9359 638,0948 639,5836 641,4385 643,656 645,9392 648,159 649,9904 651,4386 652,5524 653,5963 654,8991 656,5278 658,4576 660,6352 663,0026 665,5436 668,3218 671,3384 674,5527 677,8259 681,0988 684,3312 687,4307 690,4936 693,6624 697,009 700,571 704,1006 707,3544 710,3682 713,3463 716,4641 719,9846 723,6716 727,2372 730,6609 733,97 737,1185 740,298 743,6638 747,1757 750,8338 754,5588 758,1078 761,3516 764,4987 767,6732 770,8624 773,9581 776,7491 779,2258 781,431 783,5173
640,0797 640,0607 640,1073 640,3061 640,6246 640,882 640,9454 640,7907 640,5713 640,5513 640,9183 641,7333 642,9218 644,5444 646,5375 648,7157 650,8258 652,6955 654,2261 655,3578 656,3105 657,4558 658,8745 660,6433 662,7347 665,0473 667,5568 670,2778 673,2277 676,2728 679,4135 682,5801 685,6978 688,7714 691,7867 694,9258 698,3008 701,7592 705,1631 708,3771 711,2936 714,1932 717,2845 720,8117 724,5583 728,2194 731,7005 735,0234 738,1821 741,3152 744,6319 748,118 751,7398 755,4841 759,1578 762,5916 765,9103 769,3057 772,7212 776,0115 778,9934 781,5699 783,8796 786,0813
642,7967 642,8319 642,9767 643,3302 643,8782 644,3771 644,7113 644,8004 644,7506 644,746 644,9327 645,4025 646,2216 647,5244 649,2589 651,2422 653,3036 655,2506 656,9077 658,2062 659,1702 660,149 661,3804 663,0483 665,0356 667,269 669,7143 672,3652 675,2133 678,1893 681,2475 684,369 687,4124 690,3689 693,3107 696,3546 699,6487 703,0321 706,3436 709,5123 712,4298 715,3116 718,4335 721,8851 725,5862 729,2911 732,8462 736,1267 739,2946 742,4432 745,6959 749,1622 752,7744 756,4494 760,1516 763,704 767,1213 770,5967 774,2079 777,7341 780,8683 783,6354 786,1448 788,5536
645,7546 645,7828 645,9525 646,3718 647,0363 647,7115 648,2787 648,5525 648,6217 648,6329 648,6923 648,9073 649,4073 650,3386 651,7748 653,5968 655,6362 657,7006 659,5366 660,9719 662,0548 663,0587 664,2303 665,7499 667,5787 669,6611 671,9644 674,5261 677,3205 680,2702 683,3229 686,3895 689,4041 692,2941 695,1589 698,1238 701,2559 704,535 707,7825 710,8805 713,8075 716,6722 719,7595 723,1728 726,7279 730,3144 733,8311 737,1161 740,3167 743,5771 746,8792 750,3401 753,9652 757,6024 761,2598 764,7631 768,1696 771,6398 775,3121 779,0004 782,382 785,4123 788,1992 790,7404
649,0752 649,0795 649,2264 649,6105 650,2103 650,8799 651,4575 651,7847 651,9041 651,9384 651,9366 652,0048 652,2975 652,9869 654,1844 655,8929 657,9487 660,1187 662,1508 663,8517 665,1296 666,2286 667,3738 668,8019 670,3796 672,2092 674,2921 676,6998 679,4591 682,4077 685,4966 688,5981 691,575 694,4615 697,3069 700,2007 703,2214 706,3311 709,4679 712,4578 715,2903 718,1162 721,1176 724,4161 727,8462 731,2941 734,7254 738,0236 741,2641 744,6293 748,0917 751,67 755,3633 759,0359 762,5952 765,907 769,201 772,6248 776,2375 779,9988 783,6071 786,8577 789,8256 792,5742
652,542 652,536 652,6404 652,9371 653,4178 654,0004 654,4614 654,7354 654,8634 654,9098 654,8985 654,9037 655,0671 655,576 656,6137 658,299 660,3038 662,5676 664,8167 666,8029 668,4112 669,7634 670,9238 672,1273 673,4191 674,9368 676,7368 678,9858 681,5731 684,486 687,6346 690,7515 693,8046 696,7579 699,6747 702,5533 705,4708 708,4442 711,3838 714,2341 716,9329 719,6598 722,5687 725,6953 729,0076 732,3458 735,6506 738,9489 742,2349 745,6596 749,3119 753,0898 756,8261 760,4282 763,8455 767,0168 770,1918 773,5754 777,1478 780,9008 784,5931 788,0242 791,1536 794,0986
656,3162 656,3164 656,3505 656,4846 656,7289 657,056 657,2993 657,4587 657,5724 657,6569 657,7054 657,7371 657,8752 658,3136 659,2673 660,7579 662,726 665,0583 667,5176 669,8248 671,7797 673,4241 674,6232 675,6133 676,6027 677,8267 679,3497 681,2546 683,6099 686,4056 689,5745 692,8382 696,0737 699,2063 702,1802 705,0652 707,9231 710,7686 713,5493 716,1567 718,6837 721,2648 724,0787 727,0536 730,1952 733,4625 736,6733 739,8985 743,2046 746,6639 750,402 754,3042 758,1502 761,7288 765,0282 768,1311 771,2432 774,6345 778,2244 781,8851 785,5208 789,054 792,3188 795,3225
660,5485 660,6035 660,5762 660,5084 660,4225 660,3302 660,2241 660,1854 660,2495 660,3917 660,556 660,6667 660,8041 661,1608 661,9779 663,3115 665,2166 667,5948 670,2044 672,7749 675,0536 676,8879 678,1408 679,0475 679,8559 680,8018 681,9855 683,5591 685,679 688,387 691,5224 694,9233 698,3599 701,6084 704,6692 707,5789 710,4065 713,1761 715,7524 718,2039 720,6028 723,0858 725,7166 728,5411 731,5171 734,6768 737,8452 741,018 744,3182 747,7745 751,4451 755,3287 759,2268 762,8874 766,1749 769,2959 772,4306 775,8022 779,3207 782,8821 786,4222 789,9476 793,3109 796,3567
665,0164 665,1755 665,108 664,8297 664,3788 663,8403 663,3354 663,0699 663,0723 663,2803 663,6005 663,8149 663,9728 664,2464 664,8596 665,9996 667,8223 670,1525 672,8154 675,5219 677,9487 679,7915 681,1166 682,0913 682,8929 683,7448 684,6893 685,9916 687,9413 690,5192 693,6256 697,0308 700,5493 703,8991 707,0123 709,9611 712,7778 715,4655 717,9916 720,3937 722,7565 725,1557 727,6719 730,344 733,2026 736,2115 739,3347 742,4664 745,659 749,0215 752,5635 756,2869 760,1435 763,8625 767,2687 770,5238 773,8164 777,1469 780,5111 783,9476 787,369 790,767 794,1033 797,1732
669,346 669,6439 669,5649 669,1022 668,3109 667,3629 666,5384 666,0918 666,0267 666,2502 666,623 666,9103 667,1104 667,3485 667,8531 668,8688 670,5459 672,7291 675,3104 678,0393 680,4412 682,3671 683,812 684,924 685,7869 686,6124 687,4897 688,6791 690,4643 692,9161 695,9092 699,2789 702,7549 706,0422 709,1757 712,162 715,02 717,733 720,2902 722,7291 725,1069 727,4841 729,9297 732,5042 735,2449 738,1556 741,1623 744,2363 747,3171 750,4756 753,8174 757,3516 761,0988 764,8269 768,3757 771,7805 775,164 778,5027 781,7418 785,0013 788,3069 791,5873 794,8491 797,9221
673,1836 673,6318 673,57 672,9913 671,9685 670,8441 669,9166 669,3848 669,2595 669,4429 669,777 670,088 670,3364 670,5536 670,9502 671,8193 673,3748 675,2826 677,7137 680,3597 682,8082 684,8544 686,4461 687,7407 688,7543 689,6544 690,5307 691,6447 693,3162 695,5943 698,4177 701,5794 704,8759 708,0663 711,1542 714,2022 717,1405 719,9499 722,6108 725,1447 727,5945 730,0102 732,4426 734,9652 737,6299 740,4393 743,3541 746,2852 749,2564 752,2174 755,3174 758,6881 762,2699 765,922 769,5645 773,1196 776,5004 779,767 782,9329 786,0727 789,3074 792,5387 795,6924 798,7584
676,5175 677,0015 676,9445 676,348 675,3288 674,2219 673,2518 672,6683 672,4868 672,613 672,9098 673,2488 673,5908 673,8383 674,177 674,8742 676,071 677,7726 680,1409 682,7638 685,291 687,4933 689,3267 690,7857 691,9337 692,9502 693,9222 695,0191 696,5145 698,5902 701,1678 704,09 707,1094 710,1248 713,1354 716,1494 719,1813 722,112 724,9153 727,5858 730,1529 732,6508 735,1279 737,6448 740,2601 742,9936 745,7898 748,5876 751,3798 754,1329 756,9727 760,0938 763,5467 767,1389 770,7639 774,3542 777,7662 780,9924 784,1299 787,1985 790,325 793,5403 796,6386 799,6418
679,5809 680,0444 679,9979 679,4427 678,4723 677,4204 676,4906 675,9302 675,7246 675,7861 676,0093 676,3041 676,6298 676,8972 677,2521 677,9339 678,9802 680,5536 682,7798 685,3666 687,994 690,3533 692,4431 694,1903 695,517 696,5785 697,5707 698,6662 700,023 701,8413 704,1523 706,7308 709,4627 712,2715 715,171 718,1563 721,1863 724,2387 727,1859 730,0125 732,7287 735,3394 737,8943 740,4393 743,0303 745,6815 748,3477 751,0173 753,6116 756,0941 758,6934 761,5801 764,8785 768,4355 772,0419 775,6121 779,0663 782,276 785,3146 788,3161 791,3584 794,5341 797,6531 800,6633
682,3964 682,8953 682,891 682,3961 681,5165 680,5919 679,7823 679,2586 679,0253 679,0145 679,1412 679,3394 679,5665 679,8056 680,1612 680,8038 681,8472 683,4014 685,5391 688,1145 690,7774 693,3605 695,7511 697,8124 699,3606 700,4991 701,4485 702,4563 703,6786 705,2909 707,2585 709,4951 711,9137 714,5259 717,3192 720,2434 723,2681 726,3441 729,4221 732,4003 735,2855 738,026 740,6628 743,2528 745,8256 748,405 750,9182 753,4247 755,788 758,1097 760,5524 763,2987 766,4019 769,8535 773,4407 776,9927 780,4268 783,6239 786,5806 789,5144 792,525 795,6421 798,8309 801,9189
685,2222 685,7795 685,8497 685,4485 684,6827 683,8079 682,9745 682,4003 682,0958 681,9907 682,0066 682,0974 682,255 682,5031 682,9314 683,6455 684,7648 686,3209 688,4118 690,9155 693,644 696,4241 699,1069 701,4095 703,2194 704,5107 705,4749 706,3694 707,4252 708,84 710,4781 712,3621 714,4904 716,9034 719,6114 722,4519 725,4129 728,5005 731,6039 734,7139 737,7913 740,6468 743,3779 745,9945 748,5368 750,9565 753,3369 755,6966 757,9957 760,269 762,6558 765,2934 768,2799 771,5795 775,11 778,6534 781,9739 785,03 787,9111 790,7782 793,783 796,9002 800,1273 803,309
688,1992 688,8818 689,0281 688,6541 687,854 686,9256 686,0432 685,4052 685,0281 684,8323 684,7406 684,7332 684,8441 685,1359 685,6907 686,5431 687,8044 689,4438 691,4701 693,9221 696,6207 699,5245 702,356 704,8696 706,8603 708,3767 709,4718 710,3594 711,2927 712,4537 713,8295 715,3944 717,2733 719,5698 722,1029 724,7921 727,613 730,582 733,6904 736,8826 740,1061 743,147 745,9805 748,6265 751,0598 753,3987 755,7237 758,0651 760,3699 762,6653 765,0428 767,6257 770,5015 773,6899 777,0665 780,4904 783,69 786,6002 789,4011 792,2404 795,2333 798,4256 801,6527 804,8741
691,3024 692,0287 692,2058 691,833 691,0342 690,071 689,1523 688,3945 687,8995 687,5908 687,3824 687,2941 687,411 687,8297 688,6249 689,6795 691,0509 692,7375 694,7485 697,0704 699,7008 702,5634 705,4405 708,0784 710,2019 711,8928 713,2191 714,2256 715,1436 716,1204 717,2639 718,6317 720,3682 722,4568 724,7895 727,2714 729,9062 732,7339 735,7817 739,0532 742,3694 745,5515 748,4814 751,0857 753,5004 755,8494 758,2295 760,6071 762,9777 765,3256 767,7245 770,267 773,0558 776,1024 779,3393 782,5717 785,5383 788,3159 791,0253 793,8495 796,8254 800,0232 803,2915 806,5287
694,6213 695,3532 695,5222 695,1405 694,3529 693,2836 692,2577 691,4073 690,8473 690,4624 690,1426 689,9684 690,0856 690,6124 691,6069 692,908 694,4775 696,1846 698,1356 700,2839 702,7649 705,4969 708,324 710,9366 713,1696 715,0482 716,5748 717,7875 718,8469 719,8115 720,8063 722,0167 723,649 725,5289 727,6508 729,9205 732,3335 734,9725 737,9071 741,1304 744,5247 747,8334 750,807 753,4692 755,9681 758,4455 760,9216 763,3897 765,8297 768,2358 770,6586 773,1592 775,8445 778,742 781,7271 784,708 787,5507 790,2548 792,9354 795,7114 798,6903 801,8005 804,998 808,2478
698,0306 698,7964 698,9469 698,5121 697,7174 696,573 695,5168 694,6839 694,1043 693,6581 693,1929 692,9114 693,0227 693,6466 694,7951 696,2749 697,9922 699,7092 701,5032 703,4901 705,7955 708,3522 711,0137 713,5931 715,8652 717,9093 719,662 721,0842 722,3042 723,401 724,4115 725,5745 727,0527 728,7759 730,7151 732,7717 734,9554 737,3623 740,0963 743,2299 746,574 749,9261 753,0473 755,8457 758,5435 761,1926 763,8287 766,3636 768,8868 771,3127 773,7637 776,2036 778,7946 781,4777 784,2432 787,0289 789,7989 792,4505 795,0787 797,8027 800,6862 803,7455 806,9061 810,1718
701,4357 702,2085 702,3434 701,8909 701,0928 700,0336 698,9878 698,1409 697,5519 697,0995 696,5609 696,2444 696,3413 696,9957 698,2366 699,8201 701,5228 703,2098 704,853 706,6695 708,8378 711,1913 713,7069 716,1508 718,4595 720,6103 722,5536 724,204 725,5579 726,7716 727,8962 729,1395 730,5635 732,1845 734,0297 735,8887 737,8372 739,9861 742,4568 745,4349 748,6998 752,0037 755,1941 758,2214 761,1582 764,0345 766,776 769,4042 771,9403 774,4127 776,8477 779,2946 781,788 784,3383 786,9676 789,6724 792,3132 794,8761 797,4283 800,0783 802,9053 805,928 809,1161 812,3506
704,9669 705,7751 705,9167 705,4921 704,6827 703,678 702,6657 701,8458 701,3143 700,9198 700,5184 700,2563 700,3315 700,9166 702,0472 703,5668 705,1606 706,6669 708,1577 709,8488 711,8289 714,0349 716,3575 718,6921 721,0167 723,2726 725,34 727,1141 728,6226 730,0069 731,2711 732,6433 734,1697 735,8083 737,5499 739,2939 741,0368 742,9513 745,1989 747,8956 750,922 754,147 757,3818 760,5843 763,7593 766,7776 769,623 772,2955 774,8597 777,3548 779,8359 782,3226 784,8352 787,3564 789,9742 792,5392 795,0207 797,4481 799,8992 802,4615 805,2279 808,249 811,3997 814,616
708,6513 709,5377 709,6948 709,2573 708,411 707,4783 706,6333 705,9839 705,5885 705,3118 705,036 704,8257 704,8547 705,308 706,2488 707,5606 708,9498 710,2022 711,4504 712,9555 714,7584 716,7985 718,9981 721,2501 723,6307 725,918 728,0673 729,8861 731,502 733,095 734,5513 736,0717 737,7424 739,5005 741,2069 742,8689 744,5281 746,243 748,2308 750,6281 753,4102 756,4464 759,6456 762,9276 766,2146 769,3511 772,2607 774,9797 777,5709 780,1173 782,6833 785,2861 787,9199 790,5414 793,1249 795,5259 797,8142 800,0741 802,3875 804,8418 807,5212 810,4694 813,616 816,8253
712,3552 713,2889 713,4749 713,0609 712,247 711,481 710,8727 710,455 710,21 710,029 709,8228 709,622 709,5775 709,8793 710,6016 711,6418 712,7805 713,789 714,8035 716,0535 717,6478 719,5287 721,5957 723,8127 726,1514 728,4737 730,5655 732,4509 734,2068 735,8882 737,5723 739,3553 741,2122 743,1339 744,9008 746,5181 748,1311 749,7093 751,4978 753,6718 756,2132 759,0656 762,0805 765,3046 768,585 771,7294 774,6838 777,4396 780,0773 782,6969 785,3714 788,129 790,9124 793,6414 796,1617 798,4727 800,5691 802,6644 804,837 807,1565 809,7347 812,6267 815,728 818,9294
715,8577 716,816 717,0834 716,8138 716,2499 715,7299 715,3431 715,0815 714,8978 714,7112 714,4786 714,2258 714,0823 714,2578 714,8143 715,6077 716,4755 717,28 718,1273 719,2116 720,5608 722,2493 724,1743 726,3226 728,6266 730,8263 732,8896 734,8186 736,6415 738,459 740,3663 742,4005 744,4962 746,5433 748,436 750,088 751,6637 753,23 754,9883 756,9977 759,3671 761,9723 764,7754 767,7683 770,8599 773,9559 776,907 779,7094 782,4041 785,1028 787,8945 790,7756 793,6987 796,4578 798,9668 801,1835 803,1935 805,1808 807,2392 809,428 811,8817 814,6987 817,6933 820,7408
