lo22/av_22_proc32_modelHB_turbRAS_3.0.1_prism_step5_origin/map_creating/relief_22.asc
ncols         257
nrows         227
xllcorner     530195,48752344
yllcorner     7503727,4955134
cellsize      5
NODATA_value  -9999
[rows 84 to 111 of 227, columns 64 to 127 of 257]
384,4823 385,2299 386,4279 387,746 388,9796 390,0469 391,0148 391,9554 392,8913 393,8747 394,8111 395,5986 396,3518 397,1851 398,0118 398,758 399,425 399,9143 400,4913 401,4018 402,5085 403,7247 404,9707 406,1855 407,3593 408,5505 409,8131 411,1054 412,4216 413,7462 415,0698 416,4212 417,7939 419,177 420,3989 421,6251 422,8071 423,9836 425,1586 426,6036 428,4932 430,3894 432,1235 433,6954 435,2116 436,7099 438,1539 439,5442 440,8839 442,2325 443,6028 444,9435 446,1508 447,1654 448,0453 448,9009 449,8096 450,723 451,847 453,1181 454,6116 456,4925 458,8446 461,3435
384,9117 385,634 387,0021 388,4938 389,8429 390,9808 391,9839 392,8999 393,764 394,7243 395,6356 396,449 397,2704 398,1772 399,1171 400,0123 400,7728 401,3837 401,998 402,8033 403,8212 404,9943 406,2339 407,4776 408,709 409,9401 411,1758 412,42 413,6804 414,9582 416,2679 417,6379 419,0593 420,5002 421,9278 423,2771 424,5226 425,6427 426,8246 428,2536 429,96 431,7262 433,4162 435,0068 436,6327 438,212 439,6778 441,0166 442,3354 443,6912 445,0999 446,4714 447,6946 448,723 449,6794 450,7019 451,8257 452,8974 454,0322 455,1552 456,4745 458,2408 460,3766 462,7477
385,4733 386,4276 387,8038 389,3593 390,7374 391,9464 392,9868 393,8891 394,7001 395,4059 396,3514 397,186 398,0686 399,0602 400,1279 401,207 402,1375 402,883 403,4999 404,2047 405,1466 406,2781 407,4934 408,7458 410,0053 411,2585 412,4952 413,7219 414,9457 416,1769 417,4641 418,8354 420,2985 421,8619 423,4069 424,8464 426,1205 427,2986 428,5282 429,9362 431,5124 433,1386 434,7226 436,2374 437,9478 439,5654 440,9962 442,3372 443,6796 445,0753 446,6077 448,0878 449,3996 450,4645 451,5256 452,7885 454,0997 455,2832 456,4592 457,606 458,9211 460,4696 462,3633 464,4724
385,9505 387,0908 388,5087 390,0471 391,5528 392,8764 393,9583 394,8195 395,4876 396,1494 396,9562 397,8087 398,7523 399,8237 401,0688 402,3549 403,4865 404,3866 404,9922 405,6248 406,5522 407,6151 408,7743 410,0037 411,2665 412,5285 413,7719 414,9905 416,188 417,3987 418,6725 420,0558 421,5853 423,2223 424,8463 426,3489 427,6859 428,9374 430,2278 431,6289 433,1104 434,6101 436,0709 437,5848 439,2302 440,7667 442,2172 443,6177 445,0247 446,4786 448,177 449,7869 451,1881 452,4467 453,7132 454,9997 456,3624 457,7012 459,0042 460,1992 461,4959 462,9271 464,583 466,3625
386,3946 387,669 389,1408 390,6921 392,3262 393,7504 394,8294 395,5861 396,2035 396,8309 397,563 398,4056 399,3648 400,4125 401,8866 403,4123 404,7188 405,6838 406,4301 407,1653 408,0478 408,9971 410,0803 411,2733 412,517 413,7744 415,0167 416,231 417,4234 418,6286 419,9013 421,3004 422,8737 424,5789 426,2826 427,87 429,2621 430,5791 431,9274 433,2989 434,6823 436,0189 437,3736 438,8054 440,3275 441,8931 443,4363 444,9723 446,5361 448,1653 449,8813 451,5096 452,9882 454,3579 455,6648 457,0403 458,4974 459,9693 461,3602 462,6904 464,0508 465,3979 466,8674 468,3821
386,8696 388,2122 389,7524 391,4091 393,0838 394,5354 395,5262 396,2574 396,907 397,56 398,2732 399,091 400,0338 401,1087 402,7418 404,4053 405,7733 406,869 407,7701 408,6205 409,519 410,3708 411,4117 412,5602 413,7721 415,0136 416,2527 417,4663 418,6619 419,8691 421,1318 422,5524 424,1638 425,923 427,7785 429,4775 430,9065 432,3084 433,6025 434,8833 436,1371 437,3765 438,6543 440,0162 441,5003 443,0755 444,7164 446,4047 448,1219 449,8451 451,551 453,1656 454,6523 456,0221 457,403 458,876 460,4473 462,0504 463,5344 464,9706 466,3792 467,7726 469,177 470,5043
387,2804 388,6793 390,2338 391,9957 393,7182 395,0984 396,1174 396,903 397,6781 398,4365 399,2001 400,0609 401,0617 402,2565 403,755 405,2897 406,7131 407,9288 408,9592 409,9056 410,8221 411,7266 412,7343 413,8421 415,0284 416,2573 417,4892 418,7064 419,9102 421,1167 422,3984 423,8641 425,5515 427,4581 429,3961 431,1412 432,6622 434,0263 435,167 436,3333 437,5142 438,7135 439,958 441,2824 442,7389 444,3286 446,0368 447,8948 449,7288 451,4731 453,136 454,6857 456,1047 457,4973 458,9635 460,5596 462,3009 464,0136 465,5442 467,064 468,5511 470,0156 471,4015 472,7117
387,6717 389,1355 390,7047 392,5397 394,3333 395,7064 396,7718 397,6412 398,621 399,5397 400,3926 401,3411 402,3439 403,4929 404,8219 406,2205 407,6014 408,8663 409,9573 410,9641 411,9857 412,9519 413,9702 415,0818 416,2767 417,5023 418,7314 419,9526 421,1688 422,4194 423,7477 425,2885 427,0993 429,0531 430,9837 432,7774 434,2782 435,4645 436,5483 437,6609 438,8309 440,0566 441,326 442,6528 444,1214 445,7658 447,615 449,5027 451,3263 453,044 454,6246 456,0491 457,4322 458,8692 460,4406 462,2056 464,0701 465,8358 467,4923 469,0731 470,6376 472,1992 473,619 474,9514
388,0981 389,6304 391,2442 393,0285 394,7879 396,2895 397,5719 398,7064 399,8359 400,8997 401,8863 402,8473 403,7506 404,7426 405,8232 407,0607 408,3726 409,64 410,7244 411,7826 412,9637 414,0005 415,0809 416,2676 417,5045 418,7469 419,9828 421,2131 422,457 423,7626 425,191 426,8549 428,7251 430,6972 432,6436 434,3381 435,6404 436,7139 437,769 438,8869 440,1128 441,4418 442,794 444,166 445,7135 447,4859 449,3466 451,1335 452,931 454,5783 456,0184 457,3717 458,7532 460,2594 461,9704 463,8277 465,746 467,6501 469,4379 471,0888 472,7836 474,4159 475,848 477,2267
388,5432 390,0335 391,6744 393,4325 395,1666 396,8534 398,4022 399,8175 401,1414 402,3452 403,4244 404,3846 405,1173 405,8857 406,7326 407,8003 409,0078 410,1548 411,2777 412,3968 413,59 414,7841 416,0341 417,3669 418,6973 419,9888 421,2558 422,5196 423,8141 425,1985 426,7479 428,4811 430,3731 432,3565 434,1929 435,6648 436,8475 437,8771 438,9161 440,0693 441,3968 442,8463 444,2886 445,8181 447,5536 449,3808 451,1793 452,9306 454,6103 456,106 457,4547 458,7784 460,2 461,8108 463,6057 465,5398 467,5649 469,5539 471,4228 473,2132 474,9771 476,6407 478,119 479,517
389,0396 390,466 392,111 393,8546 395,5664 397,3965 399,1798 400,8546 402,384 403,71 404,8193 405,6852 406,3733 407,0172 407,7141 408,5411 409,6354 410,6837 411,7643 412,8733 414,0524 415,3139 416,823 418,3826 419,849 421,2188 422,5506 423,8765 425,2462 426,7297 428,3388 430,0854 431,9603 433,8574 435,4729 436,8201 437,9538 438,9854 440,0547 441,2743 442,6784 444,2332 445,8703 447,669 449,525 451,3195 453,0648 454,7517 456,3187 457,7447 459,0446 460,3857 461,8839 463,5533 465,4001 467,4016 469,4506 471,4498 473,3974 475,2968 477,1344 478,826 480,2728 481,6633
389,6346 391,0434 392,6168 394,3438 396,0427 397,905 399,84 401,7371 403,4698 404,8827 405,9791 406,8252 407,4993 408,1006 408,7125 409,3466 410,1748 411,1732 412,241 413,3387 414,5146 415,868 417,5942 419,3511 420,9147 422,406 423,8468 425,272 426,7497 428,2808 429,8864 431,58 433,3482 435,0608 436,5753 437,8815 439,0343 440,1284 441,2794 442,5717 444,0643 445,7587 447,6531 449,6092 451,509 453,2666 454,9598 456,5925 458,1378 459,5768 460,8842 462,3076 463,8242 465,5067 467,3778 469,3407 471,3099 473,3023 475,3052 477,2963 479,1726 480,8093 482,2667 483,6525
390,1593 391,5428 393,0422 394,6806 396,3792 398,2771 400,3056 402,4325 404,3559 405,8091 406,9273 407,7949 408,4917 409,1102 409,7099 410,1821 410,8953 411,7806 412,7891 413,8869 415,076 416,606 418,3962 420,1626 421,8621 423,5189 425,1123 426,6888 428,2424 429,7777 431,324 432,9268 434,5835 436,1706 437,6264 438,9428 440,1743 441,4053 442,6412 444,0167 445,6205 447,4918 449,5015 451,5049 453,458 455,1725 456,839 458,4813 460,0854 461,6068 463,0513 464,5165 465,9967 467,6752 469,4729 471,283 473,1518 475,1058 477,1347 479,164 481,0259 482,6835 484,1442 485,5387
390,7433 392,0485 393,4517 394,9758 396,6837 398,6087 400,6938 402,9944 404,9833 406,5165 407,6935 408,6057 409,3414 409,9975 410,5814 411,1059 411,7433 412,529 413,436 414,4856 415,7047 417,3703 419,2076 420,9473 422,7106 424,5151 426,2766 428,0167 429,6395 431,1492 432,6436 434,1564 435,6832 437,2453 438,7006 440,0662 441,4304 442,8114 444,1381 445,6273 447,3759 449,2886 451,281 453,2776 455,1962 456,9924 458,7049 460,4247 462,1588 463,819 465,4023 466,8964 468,3677 469,9615 471,6189 473,2696 475,0179 476,9087 478,9039 480,9138 482,8489 484,5671 486,0417 487,5099
391,3246 392,6348 393,9882 395,4247 397,1388 399,0584 401,1605 403,5882 405,5654 407,1301 408,3571 409,3126 410,0977 410,8379 411,4934 412,0886 412,7303 413,4819 414,3097 415,334 416,6535 418,2521 419,9263 421,6131 423,3857 425,2452 427,2333 429,1746 430,8496 432,4048 433,9077 435,3987 436,935 438,4427 439,8758 441,2768 442,7203 444,2107 445,7249 447,4138 449,2158 451,0432 453,024 455,01 456,9431 458,8274 460,6115 462,4709 464,3312 466,1382 467,8678 469,3369 470,7385 472,2681 473,8322 475,3292 476,9739 478,7926 480,768 482,8373 484,8056 486,5465 488,1022 489,5857
392,1298 393,4811 394,838 396,2712 397,919 399,7712 401,8187 404,1729 406,1142 407,6923 408,9787 409,9796 410,8524 411,6868 412,4594 413,1491 413,8694 414,6731 415,4637 416,5211 417,7795 419,2444 420,7079 422,2805 424,0069 425,8853 428,0504 430,0872 431,9059 433,5806 435,1676 436,7361 438,2672 439,7296 441,1271 442,5671 444,1013 445,739 447,4957 449,2917 451,0651 452,8922 454,8172 456,771 458,7199 460,6605 462,628 464,5955 466,5576 468,4855 470,1387 471,6081 473,0432 474,5401 476,0092 477,4845 479,0676 480,8471 482,859 484,9326 486,9004 488,6479 490,2372 491,7389
393,3091 394,6556 395,9913 397,4284 399,0473 400,85 402,8835 404,9308 406,7144 408,2375 409,5651 410,5836 411,5388 412,5023 413,4402 414,2526 415,1178 416,0304 416,9291 417,9409 419,0279 420,2403 421,5714 423,0511 424,7309 426,6491 428,9199 430,9894 432,9016 434,6997 436,4113 438,0688 439,613 441,026 442,4375 443,9445 445,6034 447,4497 449,3304 451,1304 452,9114 454,7371 456,6403 458,6136 460,6359 462,7172 464,797 466,8244 468,8844 470,7157 472,3277 473,7838 475,2486 476,756 478,2512 479,7691 481,345 483,1395 485,1168 487,1592 489,1124 490,8491 492,4693 494,0114
394,6938 396,0228 397,3997 398,8835 400,5207 402,3246 404,1631 405,8538 407,377 408,7405 409,976 411,1122 412,189 413,266 414,3403 415,377 416,4971 417,5855 418,5658 419,5541 420,4792 421,5287 422,6847 424,0414 425,6711 427,6705 429,805 431,8581 433,8195 435,6837 437,5501 439,3159 440,8646 442,3194 443,7987 445,4091 447,2325 449,1881 451,0945 452,9303 454,7368 456,5743 458,5229 460,5866 462,7533 464,9434 467,1053 469,2 471,1783 472,9223 474,4954 475,9338 477,4713 479,0253 480,5934 482,2025 483,8516 485,5472 487,4316 489,3907 491,2769 493,096 494,7199 496,3264
396,1908 397,5591 399,0013 400,5632 402,2551 403,9441 405,4693 406,8773 408,1563 409,3551 410,5285 411,7985 412,9807 414,1609 415,3869 416,7025 418,0272 419,2682 420,2876 421,2755 422,1982 423,0798 424,0389 425,2611 426,8484 428,773 430,7215 432,7172 434,7111 436,6762 438,6063 440,3916 442,053 443,6193 445,2092 446,9586 448,8586 450,8293 452,8036 454,6832 456,5119 458,4152 460,4824 462,7061 464,9812 467,2337 469,4131 471,4684 473,4161 475,0882 476,6478 478,1689 479,7673 481,3752 483,04 484,6989 486,3125 487,9201 489,6582 491,4655 493,29 495,0965 496,8373 498,6138
397,8129 399,2158 400,725 402,3805 404,0297 405,48 406,8336 408,0661 409,1635 410,2773 411,5318 412,8484 414,0511 415,317 416,7166 418,1756 419,609 420,8901 422,0305 423,0905 424,054 424,8052 425,5815 426,6616 428,0416 429,7177 431,5502 433,5152 435,5026 437,5701 439,593 441,4723 443,2488 444,9357 446,66 448,5111 450,4862 452,5253 454,5002 456,3691 458,2574 460,2659 462,5248 464,8864 467,2312 469,4918 471,6042 473,5925 475,4643 477,1752 478,7938 480,4096 482,1104 483,8366 485,4936 487,1381 488,7065 490,1643 491,7374 493,43 495,2383 497,0922 498,9162 500,8215
399,5527 400,9633 402,5479 404,1759 405,6686 407,0377 408,3057 409,4656 410,455 411,5863 412,8398 414,1204 415,4036 416,7944 418,2681 419,7643 421,194 422,5134 423,735 424,8684 425,8189 426,5836 427,3366 428,1951 429,2629 430,6363 432,3542 434,2868 436,2867 438,3996 440,4518 442,4624 444,3864 446,1951 448,0494 450,0106 452,1072 454,169 456,0976 458,0084 459,9987 462,1388 464,5948 467,0642 469,4445 471,6702 473,7231 475,6688 477,5459 479,2687 480,9545 482,6544 484,3985 486,1285 487,8256 489,4494 490,908 492,3024 493,7564 495,3763 497,2473 499,1719 501,0381 503,0549
401,354 402,8137 404,3424 405,8161 407,2279 408,5708 409,8364 410,979 412,0491 413,2167 414,4941 415,7645 417,1596 418,5717 420,035 421,4888 422,8858 424,1888 425,4483 426,6372 427,6484 428,4514 429,201 429,8596 430,632 431,7628 433,2004 434,9277 436,947 439,1523 441,2696 443,3656 445,3615 447,3439 449,3439 451,4107 453,6323 455,6607 457,6151 459,6234 461,7888 464,1531 466,6853 469,1994 471,5638 473,7959 475,8258 477,8047 479,678 481,3834 483,1639 484,8187 486,518 488,2621 489,9976 491,6158 493,0781 494,4763 495,8617 497,4605 499,424 501,3838 503,2957 505,3015
403,2068 404,6316 406,0324 407,4089 408,7822 410,1433 411,4547 412,6817 413,8421 415,0908 416,4206 417,7976 419,2418 420,6101 422,0448 423,4299 424,7826 426,0292 427,3319 428,5151 429,5611 430,3646 431,0737 431,6791 432,3295 433,1228 434,1619 435,5717 437,5466 439,7411 441,9481 444,182 446,3112 448,4557 450,6077 452,837 455,0305 457,0857 459,0901 461,1869 463,5348 466,0368 468,6778 471,1942 473,5699 475,8093 477,9456 479,9679 481,8366 483,5152 485,1662 486,7842 488,4692 490,2539 492,0743 493,7661 495,3149 496,7962 498,2731 499,9449 501,8401 503,7643 505,6091 507,5543
405,1237 406,4656 407,7872 409,0941 410,4599 411,8889 413,276 414,6082 415,8363 417,1846 418,5638 420,0065 421,4673 422,858 424,2669 425,5923 426,937 428,1884 429,4265 430,5108 431,5269 432,4023 433,1271 433,7263 434,3089 434,7815 435,3941 436,4836 438,2998 440,3426 442,5363 444,8156 447,1348 449,5015 451,8643 454,222 456,4403 458,5397 460,6191 462,8721 465,3234 467,9218 470,5516 473,0999 475,5137 477,8314 480,0294 482,0928 483,9602 485,5554 487,1169 488,6458 490,3135 492,1763 494,1201 495,9503 497,654 499,2568 500,7888 502,4981 504,338 506,1458 507,9399 509,7826
407,1877 408,4659 409,7483 411,0196 412,448 413,9061 415,3504 416,7637 418,0858 419,4611 420,8197 422,2936 423,7808 425,1514 426,543 427,9265 429,2968 430,5033 431,6685 432,6921 433,6468 434,5731 435,3326 435,9612 436,5242 436,7833 437,0461 437,9608 439,4138 441,1365 443,1465 445,3783 447,8629 450,4042 452,9977 455,4831 457,8304 460,0222 462,2121 464,5561 467,101 469,7486 472,3953 474,9488 477,3975 479,7433 481,9693 484,0555 485,8825 487,4953 489,0035 490,4368 492,1197 494,0374 496,0912 498,1864 500,0178 501,7105 503,319 505,0186 506,7778 508,4935 510,2235 511,9755
409,4306 410,6642 411,9866 413,3326 414,7762 416,2327 417,7219 419,1661 420,469 421,8129 423,15 424,5715 425,9894 427,4032 428,8307 430,2913 431,7114 432,945 434,0731 434,9987 435,877 436,851 437,7096 438,4218 438,9819 439,1784 439,2986 439,7609 440,6822 442,032 443,8107 445,9606 448,5605 451,2486 454,0681 456,7318 459,2126 461,4807 463,7264 466,1029 468,7421 471,4227 474,101 476,6537 479,1177 481,4553 483,6797 485,7436 487,6265 489,2763 490,723 492,2007 493,9186 495,9068 498,1093 500,2878 502,2752 504,0747 505,705 507,4026 509,1202 510,756 512,4597 514,1665
411,6794 413,0339 414,4567 415,8768 417,3666 418,882 420,3094 421,6979 422,9725 424,2504 425,4726 426,7977 428,1842 429,6411 431,1028 432,671 434,1693 435,398 436,4878 437,4068 438,3024 439,2944 440,1808 440,9186 441,4597 441,5958 441,5162 441,6034 442,0748 443,0385 444,5674 446,6124 449,1364 451,9321 454,9608 457,8425 460,4426 462,8338 465,1357 467,5554 470,1578 472,8912 475,5882 478,1785 480,6297 483,004 485,2507 487,3568 489,2695 490,9136 492,4191 493,9876 495,8014 497,9252 500,1866 502,4066 504,4365 506,2362 507,9166 509,5973 511,2546 512,9124 514,6104 516,2792
413,9728 415,4547 417,0099 418,5709 420,0633 421,5609 422,9758 424,3334 425,5339 426,7209 427,8618 429,0782 430,4278 431,9179 433,4439 435,0391 436,5523 437,8262 438,9472 439,8687 440,7717 441,8011 442,7535 443,5485 444,0931 444,1477 443,8326 443,5761 443,6224 444,1743 445,3815 447,2902 449,7523 452,6747 455,8102 458,871 461,5975 464,093 466,4251 468,8446 471,4348 474,2465 477,0249 479,658 482,1405 484,5293 486,8037 488,919 490,8358 492,5996 494,2278 495,9328 497,9097 500,089 502,3439 504,5106 506,4675 508,2475 509,9298 511,5782 513,2368 514,9286 516,645 518,3506
