preAndPostProcessing/relief_22_s.asc
ncols         257
nrows         227
xllcorner     530195,48752344
yllcorner     7503727,4955134
cellsize      5
NODATA_value  -9999
[rows 108 to 134 of 227, columns 122 to 182 of 257]
503.319000 505.018585 506.777802 508.493500 510.223511 511.975494 513.679993 515.390320 517.133484 518.861206 520.646973 522.536926 524.452576 526.315979 528.142212 529.959229 531.668884 533.164307 534.515930 535.598328 536.479614 537.034912 537.242615 537.232483 537.194275 537.360229 537.986511 539.298218 541.186279 543.595703 546.382385 549.497192 552.628784 555.751770 558.978516 562.219116 565.479492 568.713318 571.737183 574.631714 577.441284 580.205688 582.989929 585.870178 588.989624 592.294373 595.770081 599.385803 603.032227 606.612610 609.952515 613.079529 616.075928 619.076416 621.998779 624.862915 627.473816 629.893372 632.216614 634.538574 636.865173
505.704987 507.402588 509.120209 510.756012 512.459717 514.166504 515.783997 517.482483 519.209778 520.901428 522.736511 524.646423 526.549072 528.450623 530.360229 532.247070 533.986572 535.441406 536.746277 537.805908 538.672119 539.346130 539.686523 539.775696 539.763123 539.834412 540.216125 541.130127 542.602783 544.654114 547.231384 550.186523 553.354919 556.502625 559.739197 563.033081 566.315613 569.614319 572.762207 575.738525 578.652222 581.428101 584.228516 587.133728 590.260986 593.656982 597.201172 600.849182 604.548279 608.075928 611.246216 614.220703 617.114075 620.046387 623.035706 625.787109 628.332214 630.685974 633.041321 635.403809 637.864319
507.916595 509.597290 511.254608 512.912415 514.610413 516.279175 517.929688 519.618713 521.314819 523.056580 524.903015 526.796387 528.672119 530.591370 532.568787 534.486694 536.198730 537.686523 538.977112 539.970215 540.801575 541.567688 542.112793 542.409424 542.542175 542.636230 542.866577 543.430725 544.467712 546.092712 548.369324 551.068481 554.111389 557.236511 560.464172 563.808777 567.107971 570.385376 573.622070 576.655884 579.606384 582.482483 585.348572 588.380981 591.600220 595.087585 598.729187 602.410217 606.086487 609.491577 612.526489 615.329407 618.112305 620.949524 623.926880 626.679382 629.231628 631.592224 633.944275 636.344482 638.898621
509.929810 511.578186 513.236816 514.928589 516.645020 518.350586 520.043518 521.726013 523.426575 525.205688 527.080200 528.981628 530.823730 532.771484 534.752686 536.642212 538.362122 539.879272 541.139404 542.177429 543.078186 543.935120 544.705383 545.257019 545.621582 545.830322 545.987671 546.278870 546.923279 548.171570 550.005920 552.338501 555.072876 558.087402 561.243774 564.539917 567.814087 571.034119 574.264099 577.351379 580.378784 583.445923 586.457520 589.693909 593.101196 596.669373 600.374512 604.087097 607.672974 610.870728 613.776611 616.439575 619.102112 621.855103 624.791992 627.585388 630.146790 632.580200 635.008728 637.549683 640.133423
511.839813 513.474487 515.154175 516.893127 518.662170 520.433716 522.183105 523.850220 525.533203 527.333374 529.230591 531.118530 533.021973 534.982483 536.945496 538.805176 540.545288 542.121826 543.429871 544.546387 545.516113 546.497314 547.512024 548.359497 549.032288 549.448730 549.642822 549.787415 550.112000 550.853271 552.163574 553.997986 556.346313 559.174072 562.206787 565.347717 568.557129 571.700623 574.856995 577.987122 581.102722 584.351318 587.634521 591.055725 594.653687 598.352783 602.024597 605.598999 609.005981 612.054688 614.831909 617.450989 620.083374 622.868286 625.727722 628.572815 631.174194 633.694519 636.220825 638.891418 641.507874
513.768921 515.402771 517.133789 518.906128 520.743103 522.620728 524.411926 526.034973 527.674988 529.417419 531.295227 533.249023 535.242981 537.258301 539.232788 541.068909 542.880005 544.541626 545.928406 547.151489 548.274780 549.438477 550.589478 551.616821 552.497070 553.127930 553.418823 553.525574 553.651672 554.011719 554.784912 556.081116 558.033875 560.489197 563.315918 566.253784 569.316528 572.411072 575.545288 578.751221 581.972290 585.349182 588.848389 592.463013 596.164185 599.902222 603.539978 606.952026 610.143188 613.087280 615.780701 618.404297 621.031677 623.849121 626.675415 629.500183 632.216187 634.890686 637.581909 640.266174 642.903870
515.785706 517.466614 519.231995 521.020874 522.958618 524.896973 526.696777 528.335022 529.835022 531.450073 533.371887 535.431580 537.552429 539.644775 541.641418 543.527222 545.376404 547.130371 548.685181 549.991394 551.224609 552.530518 553.843018 554.992126 555.907898 556.573486 556.940674 557.101379 557.179688 557.338318 557.760010 558.621887 560.079407 562.078186 564.528381 567.274902 570.213318 573.325684 576.502930 579.799194 583.139526 586.524292 590.075623 593.843018 597.647522 601.358521 604.879700 608.143005 611.167725 614.059387 616.732971 619.358521 622.001221 624.754211 627.569580 630.406799 633.271973 636.105713 638.956421 641.674927 644.314880
517.917786 519.627502 521.400818 523.259827 525.227783 527.182678 528.976379 530.523926 532.010986 533.659607 535.591003 537.749084 539.969971 542.132080 544.184998 546.095398 548.000977 549.830872 551.479370 552.921082 554.293701 555.635681 556.990784 558.225525 559.155884 559.827026 560.288513 560.598877 560.770325 560.883118 561.066284 561.525513 562.497986 563.966003 565.999512 568.566711 571.403015 574.565125 577.819885 581.107300 584.414001 587.773376 591.317078 595.160278 599.061523 602.775818 606.136414 609.255371 612.166321 614.937012 617.604797 620.228516 622.927795 625.671814 628.519409 631.409424 634.407471 637.395813 640.276672 643.015381 645.617676
520.062073 521.806702 523.609619 525.495789 527.482971 529.428284 531.168701 532.735229 534.260986 535.972229 537.972107 540.185181 542.478577 544.708679 546.799927 548.778015 550.679077 552.557617 554.299316 555.818909 557.241211 558.602783 559.939087 561.127075 562.057129 562.794800 563.435486 564.019714 564.419617 564.649780 564.748230 564.893494 565.332520 566.248230 567.906006 570.195312 572.968628 576.099487 579.387878 582.677612 585.866211 589.151794 592.655029 596.485901 600.364624 603.992371 607.241882 610.237122 613.099121 615.810486 618.493225 621.141479 623.930786 626.727112 629.615784 632.599182 635.638428 638.703003 641.597229 644.342712 646.933716
522.224915 524.018616 525.853088 527.744019 529.692810 531.597107 533.369873 535.025879 536.640930 538.483215 540.478699 542.717773 545.046997 547.314392 549.439819 551.402710 553.341370 555.240112 557.024109 558.629883 560.031921 561.353088 562.657471 563.841492 564.773071 565.582825 566.404907 567.250488 567.928284 568.384216 568.516174 568.482910 568.552673 569.005371 570.212219 572.180725 574.780701 577.855225 581.030212 584.235107 587.390076 590.646179 594.166016 597.910095 601.667114 605.124817 608.279785 611.201477 614.069824 616.790283 619.474976 622.163574 624.947021 627.822815 630.765930 633.839722 636.911377 639.952820 642.878296 645.616028 648.213684
524.399719 526.249390 528.145325 529.949585 531.830872 533.735718 535.599670 537.408325 539.181396 541.013184 543.028076 545.267273 547.618774 549.917419 552.066895 554.073181 555.950073 557.828003 559.603821 561.172485 562.599487 563.954285 565.181885 566.329224 567.370422 568.369324 569.422424 570.439697 571.320129 571.924011 572.116516 572.012024 571.862305 571.984497 572.831970 574.421326 576.728821 579.609070 582.673096 585.794128 588.955811 592.184814 595.609619 599.245300 602.875793 606.195129 609.292480 612.199890 615.013306 617.760010 620.436707 623.172180 625.987976 628.973022 631.995117 635.083801 638.189514 641.224182 644.202087 646.984375 649.574585
526.527405 528.448608 530.230774 532.012329 533.888916 535.850281 537.861572 539.799011 541.644287 543.488281 545.509277 547.762695 550.120300 552.435120 554.609680 556.608582 558.463196 560.278015 562.000305 563.526184 564.947021 566.273376 567.534912 568.741516 569.947876 571.149109 572.415588 573.620117 574.704529 575.418274 575.687927 575.605225 575.381592 575.322876 575.780273 576.947083 578.962280 581.516479 584.390076 587.406982 590.487183 593.674683 596.979614 600.425171 603.910400 607.156616 610.210083 613.145813 615.955688 618.754700 621.439575 624.203979 627.080017 630.110413 633.245483 636.401001 639.548706 642.588379 645.527527 648.375793 650.945679
528.545715 530.371826 532.138306 533.947998 535.882324 537.974182 540.081177 542.098022 544.002380 545.838013 547.878296 550.119080 552.468201 554.782898 556.963989 558.974426 560.785889 562.579224 564.264404 565.734497 567.164124 568.497009 569.825378 571.137207 572.566711 574.022278 575.415771 576.711121 577.945190 578.772888 579.154785 579.170898 578.983582 578.841370 579.041626 579.834229 581.382629 583.559692 586.176514 589.091125 592.073730 595.121887 598.315674 601.593872 604.937927 608.141724 611.171021 614.134216 616.952087 619.700684 622.395020 625.169922 628.144409 631.277771 634.566406 637.856812 640.975830 643.982117 646.883606 649.719116 652.328979
530.158508 532.039978 533.881226 535.781616 537.846130 539.998230 542.152527 544.202698 546.102905 548.000000 550.041382 552.262390 554.578003 556.862122 559.058289 561.060303 562.920227 564.700623 566.351929 567.878418 569.341125 570.698792 572.141479 573.611572 575.188721 576.797913 578.333984 579.667786 580.846680 581.748779 582.274902 582.463379 582.410217 582.293823 582.358887 582.864319 584.005920 585.817627 588.199585 590.922974 593.803894 596.719421 599.826477 603.003906 606.181519 609.320129 612.317505 615.187500 617.999512 620.717590 623.427490 626.213989 629.282471 632.542297 635.898682 639.249084 642.422424 645.442688 648.392822 651.166321 653.780396
531.556885 533.530090 535.485291 537.535522 539.648071 541.792725 543.945984 545.961975 547.916687 549.885681 551.946899 554.146179 556.399719 558.649475 560.835083 562.912476 564.830078 566.619385 568.305725 569.910278 571.443604 572.938599 574.486816 576.037170 577.725525 579.412720 580.937927 582.302673 583.495178 584.510986 585.210815 585.637573 585.804688 585.814392 585.845581 586.124084 586.907288 588.403320 590.490906 593.033203 595.734985 598.604187 601.593994 604.662903 607.730774 610.715576 613.638184 616.406372 619.226379 621.972778 624.677124 627.474976 630.520874 633.878418 637.321716 640.698181 643.930786 646.955078 649.857178 652.656372 655.313599
532.761230 534.849121 536.945312 539.077209 541.158386 543.259521 545.342896 547.406677 549.458191 551.523193 553.630371 555.789612 558.031372 560.274414 562.530273 564.649780 566.587891 568.410706 570.161377 571.865479 573.516418 575.152222 576.808289 578.450378 580.160278 581.842773 583.357971 584.745728 585.960571 587.106323 588.039795 588.790222 589.244629 589.464905 589.582520 589.753479 590.247070 591.311890 593.031006 595.258911 597.812683 600.588013 603.526306 606.515686 609.498230 612.345581 615.103821 617.833313 620.591614 623.406677 626.107788 628.898621 631.925415 635.309082 638.843384 642.270081 645.494019 648.519714 651.385986 654.222107 656.921814
533.878113 536.004883 538.190979 540.306519 542.393799 544.481628 546.558777 548.659729 550.779724 553.038513 555.264099 557.469727 559.648987 561.865784 564.173706 566.294678 568.268127 570.145874 571.987000 573.787476 575.562378 577.342407 579.087097 580.746826 582.480774 584.164001 585.659729 587.099915 588.417480 589.675781 590.782715 591.788574 592.536499 593.018677 593.323181 593.486877 593.781372 594.493713 595.790771 597.710205 600.077576 602.755798 605.616089 608.559509 611.388916 614.083496 616.696716 619.354980 622.093811 624.940979 627.713928 630.542603 633.614807 636.959229 640.497009 643.969788 647.211487 650.219604 653.068726 655.821716 658.516113
534.933228 537.154480 539.344116 541.415771 543.466797 545.516907 547.666870 549.874878 552.150574 554.614075 556.963074 559.183289 561.305908 563.581787 565.797485 567.923584 569.945679 571.896973 573.809326 575.700012 577.604919 579.458984 581.215698 582.933289 584.666321 586.330383 587.909180 589.438416 590.859192 592.257202 593.564026 594.789612 595.779175 596.475830 596.902100 597.085876 597.265015 597.733215 598.715515 600.323486 602.470215 604.989319 607.716187 610.499023 613.223083 615.742615 618.276978 620.931519 623.783081 626.662415 629.500427 632.390320 635.483093 638.847473 642.332092 645.748474 648.995300 651.980713 654.771729 657.466797 660.094604
535.890320 538.167175 540.299072 542.370728 544.448975 546.568726 548.817688 551.180481 553.727112 556.239685 558.642273 560.822510 562.961975 565.157471 567.365723 569.535522 571.634277 573.667175 575.651001 577.641113 579.581421 581.423218 583.199219 584.949829 586.687927 588.393188 590.073120 591.724426 593.359497 594.889526 596.361328 597.809021 599.053772 599.955200 600.478821 600.695984 600.808716 601.083191 601.768616 603.078674 604.943481 607.220276 609.732483 612.312927 614.837524 617.272095 619.785278 622.491028 625.374329 628.372314 631.280029 634.258423 637.400513 640.732788 644.184204 647.545715 650.700500 653.641479 656.331299 658.964722 661.537476
536.782776 539.083130 541.161316 543.205200 545.286316 547.554871 549.969727 552.544800 555.158997 557.708130 560.071472 562.272827 564.447571 566.646301 568.872620 571.088196 573.318420 575.455688 577.528076 579.522888 581.419800 583.255005 585.053589 586.839111 588.616089 590.393494 592.189270 593.950684 595.729126 597.511230 599.239197 600.826782 602.216614 603.316223 603.984375 604.309021 604.458496 604.654785 605.093811 605.987976 607.478882 609.421570 611.627014 613.990112 616.333923 618.703674 621.196228 623.951904 626.872009 629.924377 632.940979 636.002625 639.231995 642.575806 645.945984 649.234314 652.270813 655.033508 657.613586 660.151184 662.744385
537.356079 539.675415 541.802979 543.910889 546.069275 548.500916 551.054016 553.790283 556.434387 558.982788 561.290710 563.497925 565.683472 567.982483 570.310425 572.680908 575.006714 577.231628 579.312683 581.241821 583.118225 584.974487 586.821289 588.666016 590.520630 592.417480 594.316101 596.174988 598.146973 600.118225 602.021179 603.771606 605.224670 606.409302 607.225220 607.722717 608.007385 608.246216 608.512878 609.033020 610.079407 611.587280 613.437927 615.520813 617.764587 620.111084 622.648193 625.403015 628.385681 631.419312 634.500916 637.656982 640.916504 644.280273 647.596802 650.737915 653.643982 656.218018 658.681580 661.167480 663.841614
537.638489 540.002014 542.245605 544.508179 546.845520 549.400879 552.073486 554.800720 557.437500 559.920593 562.240479 564.501099 566.777222 569.181030 571.625427 574.125427 576.537476 578.827881 580.860107 582.777222 584.676086 586.599976 588.539124 590.486572 592.474121 594.467102 596.445984 598.464111 600.560913 602.664124 604.686523 606.508728 608.053101 609.360718 610.332275 611.026672 611.473083 611.741577 611.885376 612.115479 612.790771 613.858582 615.325378 617.141602 619.232788 621.513977 624.041870 626.761719 629.692017 632.751770 635.882629 639.148071 642.473083 645.799316 649.065796 652.082825 654.774902 657.218628 659.633118 662.174683 664.887817
537.706299 540.118286 542.467712 544.863281 547.380920 550.069824 552.886780 555.632812 558.275024 560.692383 563.015930 565.274475 567.645386 570.116577 572.696289 575.281311 577.810730 580.119019 582.200012 584.156494 586.105225 588.173279 590.247192 592.344727 594.436584 596.491028 598.573486 600.719177 602.925293 605.125183 607.230774 609.133484 610.742798 612.180908 613.367615 614.330322 614.987671 615.319275 615.413818 615.480286 615.765015 616.377808 617.445679 618.886719 620.702026 622.881775 625.316406 627.998474 630.878479 633.979919 637.169312 640.465576 643.852783 647.155212 650.313171 653.263428 655.790222 658.152222 660.559082 663.247986 666.110474
537.644775 540.095520 542.522583 545.030029 547.711487 550.559326 553.573425 556.405396 559.084412 561.500122 563.798523 566.052185 568.490784 571.012085 573.688416 576.346375 578.978821 581.314880 583.457886 585.507385 587.623474 589.791382 591.976685 594.183716 596.348206 598.504578 600.707397 602.965210 605.265625 607.553223 609.718323 611.662109 613.386719 614.942871 616.291321 617.468872 618.370422 618.846375 618.994873 618.999329 619.054382 619.307678 619.895813 620.889587 622.414490 624.368103 626.648315 629.232422 632.043030 635.092712 638.333191 641.668518 645.051086 648.321472 651.385925 654.254883 656.771729 659.184814 661.718384 664.634521 667.755188
537.521118 540.004395 542.491089 545.093079 547.916321 550.900024 554.063171 557.022705 559.768982 562.281677 564.655823 567.003784 569.467407 572.047424 574.744873 577.471497 580.058289 582.434326 584.667480 586.860107 589.114685 591.375122 593.660889 595.946716 598.253113 600.539124 602.874084 605.243530 607.643188 609.989075 612.192871 614.174683 615.988220 617.657898 619.161926 620.414917 621.424194 622.047180 622.328308 622.393616 622.370422 622.403320 622.654175 623.270386 624.372314 625.966187 628.041199 630.441895 633.167480 636.163574 639.449707 642.860596 646.177673 649.401184 652.440308 655.239319 657.856201 660.448486 663.268982 666.397888 669.758911
537.375488 539.905823 542.460388 545.162720 548.121216 551.222717 554.495483 557.582092 560.415283 563.067383 565.522888 567.976807 570.463074 573.090210 575.795715 578.591187 581.144714 583.522522 585.790100 588.117310 590.477295 592.906982 595.352173 597.809326 600.242126 602.665405 605.104492 607.572510 610.049377 612.449829 614.683472 616.685913 618.595581 620.266113 621.797913 623.117188 624.239502 625.015076 625.482178 625.714417 625.742981 625.678711 625.685486 625.945984 626.635376 627.907471 629.659485 631.807373 634.360718 637.259888 640.451721 643.831177 647.119690 650.313416 653.413391 656.259521 659.057922 661.921509 665.037781 668.466614 671.993530
537.227783 539.839722 542.502319 545.341187 548.463013 551.685486 555.012085 558.183594 561.083313 563.866577 566.414429 568.965881 571.510315 574.164612 576.887024 579.659119 582.212524 584.609680 586.948181 589.348999 591.830872 594.421021 597.053772 599.675781 602.257324 604.805786 607.341370 609.877380 612.433594 614.883911 617.138611 619.177917 621.010071 622.677490 624.211304 625.533325 626.736572 627.716675 628.443420 628.937805 629.109924 629.060974 628.955200 628.977905 629.315430 630.114075 631.441772 633.273926 635.581787 638.349670 641.417786 644.706482 647.960876 651.113098 654.235596 657.218872 660.231079 663.434082 666.861511 670.519287 674.179504
