preAndPostProcessing/relief_22_s.asc
ncols         257
nrows         227
xllcorner     530195,48752344
yllcorner     7503727,4955134
cellsize      5
NODATA_value  -9999
[rows 108 to 134 of 227, columns 183 to 243 of 257]
639.176819 641.313416 643.293213 645.105408 646.784973 648.318115 649.686096 650.841003 651.785278 652.546082 653.103027 653.465515 653.538330 653.181885 652.245728 650.717407 649.017822 -9999 -9999 -9999 -9999 -9999 -9999 -9999 -9999 -9999 -9999 -9999 -9999 -9999 -9999 -9999 -9999 -9999 -9999 -9999 -9999 -9999 -9999 -9999 -9999 -9999 -9999 -9999 -9999 -9999 -9999 -9999 -9999 -9999 -9999 -9999 -9999 -9999 -9999 -9999 -9999 -9999 -9999 -9999 -9999
640.271423 642.581299 644.675598 646.564575 648.322021 649.946228 651.394592 652.624329 653.655273 654.511780 655.090210 655.479126 655.650818 655.482178 654.794922 653.501221 651.759521 649.822083 -9999 -9999 -9999 -9999 -9999 -9999 -9999 -9999 -9999 -9999 -9999 -9999 -9999 -9999 -9999 -9999 -9999 -9999 -9999 -9999 -9999 -9999 -9999 -9999 -9999 -9999 -9999 -9999 -9999 -9999 -9999 -9999 -9999 -9999 -9999 -9999 -9999 -9999 -9999 -9999 -9999 -9999 -9999
641.383789 643.831726 645.977295 647.935181 649.770325 651.491272 653.025391 654.306213 655.406921 656.330017 657.012024 657.529419 657.822815 657.788879 657.263794 656.138184 654.493896 652.610291 650.894287 -9999 -9999 -9999 -9999 -9999 -9999 -9999 -9999 -9999 -9999 -9999 -9999 -9999 -9999 -9999 -9999 -9999 -9999 -9999 -9999 -9999 -9999 -9999 -9999 -9999 -9999 -9999 -9999 -9999 -9999 -9999 -9999 -9999 -9999 -9999 -9999 -9999 -9999 -9999 -9999 -9999 -9999
642.676270 645.081421 647.277771 649.299377 651.200317 653.062927 654.696472 656.022217 657.232727 658.171326 658.888489 659.500488 659.865417 659.939026 659.583374 658.646790 657.117920 655.361206 653.778870 652.671875 -9999 -9999 -9999 -9999 -9999 -9999 -9999 -9999 -9999 -9999 -9999 -9999 -9999 -9999 -9999 -9999 -9999 -9999 -9999 -9999 -9999 -9999 -9999 -9999 -9999 -9999 -9999 -9999 -9999 -9999 -9999 -9999 -9999 -9999 -9999 -9999 -9999 -9999 -9999 -9999 -9999
644.065613 646.453796 648.690613 650.799377 652.864014 654.794128 656.483215 657.921326 659.155029 660.031372 660.700317 661.311584 661.713074 661.847412 661.601624 660.851318 659.606079 658.060913 656.590027 655.540710 654.962830 -9999 -9999 -9999 -9999 -9999 -9999 -9999 -9999 -9999 -9999 -9999 -9999 -9999 -9999 -9999 -9999 -9999 -9999 -9999 -9999 -9999 -9999 -9999 -9999 -9999 -9999 -9999 -9999 -9999 -9999 -9999 -9999 -9999 -9999 -9999 -9999 -9999 -9999 -9999 -9999
645.439026 647.883423 650.209778 652.466675 654.616577 656.577087 658.305725 659.785583 660.989319 661.898926 662.613403 663.158386 663.513184 663.664185 663.538208 663.021729 662.073608 660.799500 659.507202 658.435303 657.768616 657.482483 657.511719 -9999 -9999 -9999 -9999 -9999 -9999 -9999 -9999 -9999 -9999 -9999 -9999 -9999 -9999 -9999 -9999 -9999 -9999 -9999 -9999 -9999 -9999 -9999 -9999 -9999 -9999 -9999 -9999 -9999 -9999 -9999 -9999 -9999 -9999 -9999 -9999 -9999 -9999
646.851379 649.341187 651.755615 654.119019 656.319702 658.320007 660.074585 661.568726 662.800903 663.753906 664.537720 665.061584 665.379272 665.545471 665.544800 665.282104 664.656311 663.669678 662.460815 661.341125 660.581299 660.187378 660.183411 660.476196 -9999 -9999 -9999 -9999 -9999 -9999 -9999 -9999 -9999 -9999 -9999 -9999 -9999 -9999 -9999 -9999 -9999 -9999 -9999 -9999 -9999 -9999 -9999 -9999 -9999 -9999 -9999 -9999 -9999 -9999 -9999 -9999 -9999 -9999 -9999 -9999 -9999
648.171082 650.674805 653.184082 655.611023 657.914185 659.968384 661.745422 663.266174 664.549683 665.545227 666.430786 667.098328 667.507874 667.735596 667.823792 667.711487 667.294678 666.525696 665.487976 664.429382 663.575623 663.028076 662.968079 663.282715 663.891785 -9999 -9999 -9999 -9999 -9999 -9999 -9999 -9999 -9999 -9999 -9999 -9999 -9999 -9999 -9999 -9999 -9999 -9999 -9999 -9999 -9999 -9999 -9999 -9999 -9999 -9999 -9999 -9999 -9999 -9999 -9999 -9999 -9999 -9999 -9999 -9999
649.475403 652.009216 654.563293 657.064575 659.424011 661.498474 663.291626 664.833191 666.158875 667.317200 668.360107 669.227112 669.755920 670.044922 670.198975 670.209473 669.983887 669.436523 668.578674 667.534485 666.600220 666.042175 665.906921 666.156921 666.755676 667.498291 -9999 -9999 -9999 -9999 -9999 -9999 -9999 -9999 -9999 -9999 -9999 -9999 -9999 -9999 -9999 -9999 -9999 -9999 -9999 -9999 -9999 -9999 -9999 -9999 -9999 -9999 -9999 -9999 -9999 -9999 -9999 -9999 -9999 -9999 -9999
650.718506 653.278625 655.843994 658.405884 660.782898 662.912903 664.726685 666.273193 667.674377 668.986572 670.215881 671.261719 671.987183 672.406128 672.643677 672.732788 672.621094 672.230896 671.548828 670.677185 669.868286 669.331787 669.128174 669.261719 669.724487 670.446228 671.354675 -9999 -9999 -9999 -9999 -9999 -9999 -9999 -9999 -9999 -9999 -9999 -9999 -9999 -9999 -9999 -9999 -9999 -9999 -9999 -9999 -9999 -9999 -9999 -9999 -9999 -9999 -9999 -9999 -9999 -9999 -9999 -9999 -9999 -9999
652.067078 654.599487 657.183716 659.747498 662.163818 664.283997 666.078613 667.666504 669.163879 670.640686 672.095825 673.322510 674.190674 674.764404 675.073975 675.214600 675.193909 674.961975 674.490417 673.835022 673.127930 672.618713 672.364624 672.389893 672.738586 673.424072 674.393921 675.366028 -9999 -9999 -9999 -9999 -9999 -9999 -9999 -9999 -9999 -9999 -9999 -9999 -9999 -9999 -9999 -9999 -9999 -9999 -9999 -9999 -9999 -9999 -9999 -9999 -9999 -9999 -9999 -9999 -9999 -9999 -9999 -9999 -9999
653.423523 655.914673 658.492371 661.014526 663.461914 665.520813 667.416809 669.116394 670.757629 672.469421 674.101013 675.492920 676.457275 677.137878 677.510986 677.683777 677.709717 677.577087 677.271179 676.820374 676.303528 675.913879 675.674622 675.618408 675.830688 676.394409 677.307190 678.268188 679.046570 -9999 -9999 -9999 -9999 -9999 -9999 -9999 -9999 -9999 -9999 -9999 -9999 -9999 -9999 -9999 -9999 -9999 -9999 -9999 -9999 -9999 -9999 -9999 -9999 -9999 -9999 -9999 -9999 -9999 -9999 -9999 -9999
654.831970 657.351624 659.859375 662.306580 664.636230 666.731018 668.852417 670.722717 672.585022 674.453186 676.247314 677.849670 678.914673 679.575012 679.940796 680.112122 680.161499 680.116516 679.980103 679.765320 679.512573 679.284912 679.099426 679.007996 679.119080 679.538513 680.259827 681.091492 681.792725 682.102173 -9999 -9999 -9999 -9999 -9999 -9999 -9999 -9999 -9999 -9999 -9999 -9999 -9999 -9999 -9999 -9999 -9999 -9999 -9999 -9999 -9999 -9999 -9999 -9999 -9999 -9999 -9999 -9999 -9999 -9999 -9999
656.287781 658.840698 661.268677 663.624512 665.899170 668.147095 670.378479 672.505920 674.532410 676.528809 678.458984 679.980408 681.081482 681.815613 682.278625 682.508179 682.594971 682.614319 682.608887 682.591125 682.561218 682.496216 682.394714 682.319824 682.394775 682.732788 683.343323 684.088074 684.658325 684.907227 684.884827 684.753174 -9999 -9999 -9999 -9999 -9999 -9999 -9999 -9999 -9999 -9999 -9999 -9999 -9999 -9999 -9999 -9999 -9999 -9999 -9999 -9999 -9999 -9999 -9999 -9999 -9999 -9999 -9999 -9999 -9999
657.880371 660.365723 662.751526 665.052124 667.348389 669.678528 672.038574 674.340576 676.545593 678.698486 680.545715 682.025818 683.153381 683.966797 684.567871 684.874573 685.000610 685.072327 685.175171 685.337280 685.533081 685.650330 685.671509 685.665771 685.759705 686.065186 686.600830 687.247986 687.708496 687.876587 687.799805 687.614929 687.462585 -9999 -9999 -9999 -9999 -9999 -9999 -9999 -9999 -9999 -9999 -9999 -9999 -9999 -9999 -9999 -9999 -9999 -9999 -9999 -9999 -9999 -9999 -9999 -9999 -9999 -9999 -9999 -9999
659.520630 662.004883 664.352722 666.606018 668.896179 671.270996 673.783325 676.269287 678.676025 680.809326 682.622314 684.065979 685.209106 686.078186 686.808228 687.223389 687.416687 687.545410 687.738892 688.055481 688.479919 688.782471 688.954285 689.081909 689.291016 689.673828 690.226929 690.773010 691.109619 691.156677 690.957825 690.633728 690.326416 690.147217 -9999 -9999 -9999 -9999 -9999 -9999 -9999 -9999 -9999 -9999 -9999 -9999 -9999 -9999 -9999 -9999 -9999 -9999 -9999 -9999 -9999 -9999 -9999 -9999 -9999 -9999 -9999
661.104126 663.639404 665.960876 668.237976 670.582214 673.079529 675.679321 678.320801 680.759888 682.932129 684.767517 686.208923 687.410217 688.367920 689.177917 689.660828 689.904602 690.066895 690.297607 690.676880 691.186890 691.647400 692.001587 692.333679 692.756897 693.341614 694.060974 694.630005 694.906982 694.846619 694.495789 693.971985 693.452576 693.132202 693.007629 -9999 -9999 -9999 -9999 -9999 -9999 -9999 -9999 -9999 -9999 -9999 -9999 -9999 -9999 -9999 -9999 -9999 -9999 -9999 -9999 -9999 -9999 -9999 -9999 -9999 -9999
662.672729 665.160889 667.545898 669.931274 672.410583 674.988892 677.645813 680.297424 682.816223 685.084412 687.008728 688.566284 689.748901 690.702881 691.551514 692.150208 692.515381 692.758179 693.034302 693.442017 693.972717 694.543518 695.041626 695.561218 696.183777 696.969482 697.874084 698.506409 698.761292 698.622986 698.145386 697.440125 696.783081 696.392822 696.225281 696.159973 -9999 -9999 -9999 -9999 -9999 -9999 -9999 -9999 -9999 -9999 -9999 -9999 -9999 -9999 -9999 -9999 -9999 -9999 -9999 -9999 -9999 -9999 -9999 -9999 -9999
664.113892 666.614380 669.087280 671.611389 674.258179 676.918823 679.605225 682.276611 684.852478 687.231323 689.263977 690.864075 692.142395 693.193787 694.101318 694.846313 695.375671 695.720825 696.040405 696.451111 696.973694 697.593323 698.195312 698.889282 699.670898 700.580017 701.496399 702.131226 702.369995 702.203186 701.703796 701.021729 700.436584 700.082275 699.918823 699.821594 699.663513 -9999 -9999 -9999 -9999 -9999 -9999 -9999 -9999 -9999 -9999 -9999 -9999 -9999 -9999 -9999 -9999 -9999 -9999 -9999 -9999 -9999 -9999 -9999 -9999
665.337097 667.945190 670.558289 673.315491 676.035583 678.777527 681.488220 684.198425 686.838196 689.353088 691.480591 693.214722 694.644287 695.810120 696.819275 697.769287 698.544678 699.070618 699.505798 699.976379 700.479004 700.996521 701.543274 702.252808 703.105225 704.100891 705.019287 705.631409 705.857727 705.709229 705.265686 704.679810 704.190979 703.902283 703.769470 703.670105 703.479980 703.129578 -9999 -9999 -9999 -9999 -9999 -9999 -9999 -9999 -9999 -9999 -9999 -9999 -9999 -9999 -9999 -9999 -9999 -9999 -9999 -9999 -9999 -9999 -9999
666.513977 669.235413 671.965027 674.844482 677.677429 680.481873 683.298584 686.129272 688.928284 691.502380 693.745605 695.639893 697.263306 698.650208 699.800598 700.847595 701.762573 702.480103 703.100220 703.729797 704.283997 704.734985 705.171814 705.744385 706.523804 707.506104 708.445923 709.051575 709.275818 709.150024 708.753479 708.212280 707.796082 707.574097 707.489685 707.427002 707.273071 706.970276 706.523193 705.977417 -9999 -9999 -9999 -9999 -9999 -9999 -9999 -9999 -9999 -9999 -9999 -9999 -9999 -9999 -9999 -9999 -9999 -9999 -9999 -9999 -9999
667.703613 670.559570 673.514099 676.429382 679.313782 682.186218 685.111877 688.124023 691.008484 693.691772 696.078918 698.151489 699.928589 701.439514 702.715027 703.875488 704.963379 705.844604 706.619385 707.384888 708.049988 708.499390 708.865723 709.335510 710.015930 710.882324 711.729919 712.292114 712.509277 712.414185 712.086975 711.648987 711.349304 711.224792 711.217590 711.227478 711.153992 710.944214 710.588623 710.087219 709.402771 -9999 -9999 -9999 -9999 -9999 -9999 -9999 -9999 -9999 -9999 -9999 -9999 -9999 -9999 -9999 -9999 -9999 -9999 -9999 -9999
669.115112 672.111572 675.150818 678.088501 680.951721 683.876099 686.888184 690.036011 693.090576 695.938477 698.510620 700.669373 702.549805 704.161926 705.492004 706.737915 708.010315 709.053894 709.966370 710.818481 711.523315 712.008789 712.382812 712.831726 713.476685 714.302795 715.068787 715.570984 715.776611 715.732727 715.522095 715.261597 715.095520 715.064575 715.125671 715.193787 715.168030 714.999573 714.652100 714.077576 713.237610 711.996277 -9999 -9999 -9999 -9999 -9999 -9999 -9999 -9999 -9999 -9999 -9999 -9999 -9999 -9999 -9999 -9999 -9999 -9999 -9999
670.932495 674.088989 677.109314 679.966370 682.764709 685.653870 688.761597 691.999390 695.194275 698.209229 700.838928 703.095703 705.036194 706.687012 708.080322 709.405701 710.664429 711.835876 712.920593 713.962280 714.792114 715.396729 715.840881 716.307983 716.936890 717.736877 718.492615 718.976501 719.191223 719.202087 719.093384 718.963074 718.905518 718.952087 719.065125 719.167725 719.125916 718.913696 718.470398 717.702881 716.654480 715.268982 713.598694 -9999 -9999 -9999 -9999 -9999 -9999 -9999 -9999 -9999 -9999 -9999 -9999 -9999 -9999 -9999 -9999 -9999 -9999
673.106079 676.289185 679.261475 681.982178 684.645386 687.455017 690.532471 693.883118 697.203613 700.295715 703.013977 705.333984 707.312683 708.991089 710.373474 711.711609 713.021179 714.312927 715.526611 716.741882 717.820923 718.711304 719.360107 719.945984 720.596313 721.297119 721.949829 722.386597 722.606628 722.664185 722.632874 722.591614 722.606812 722.700378 722.841187 722.962524 722.840271 722.526917 721.948608 721.011230 719.764526 718.201416 716.445190 714.549377 -9999 -9999 -9999 -9999 -9999 -9999 -9999 -9999 -9999 -9999 -9999 -9999 -9999 -9999 -9999 -9999 -9999
675.426392 678.594482 681.411926 683.975220 686.468994 689.180420 692.234680 695.650024 699.090820 702.262329 705.031311 707.371277 709.340515 710.978271 712.423706 713.814514 715.198120 716.585693 717.973572 719.375671 720.728271 721.895386 722.815430 723.626099 724.395020 725.066711 725.618530 726.000610 726.221375 726.314575 726.333130 726.335388 726.369019 726.448425 726.544495 726.588318 726.399292 726.003479 725.315186 724.219116 722.710510 720.932312 719.084778 717.304626 715.630188 -9999 -9999 -9999 -9999 -9999 -9999 -9999 -9999 -9999 -9999 -9999 -9999 -9999 -9999 -9999 -9999
677.617676 680.627625 683.328796 685.717529 688.138611 690.827820 693.960876 697.398010 700.843079 704.067017 706.846985 709.175903 711.101501 712.789978 714.352417 715.890015 717.414795 718.900391 720.426514 722.015625 723.682373 725.103577 726.257874 727.295227 728.209412 728.933228 729.503723 729.921814 730.203918 730.353088 730.408386 730.417603 730.417175 730.416382 730.391296 730.290283 730.013489 729.500305 728.667480 727.361206 725.647888 723.695374 721.677795 719.969727 718.607483 717.493713 -9999 -9999 -9999 -9999 -9999 -9999 -9999 -9999 -9999 -9999 -9999 -9999 -9999 -9999 -9999
