preAndPostProcessing/relief_22_s.asc
ncols         257
nrows         227
xllcorner     530195,48752344
yllcorner     7503727,4955134
cellsize      5
NODATA_value  -9999
[rows 81 to 107 of 227, columns 0 to 60 of 257]
-9999 -9999 326.913086 327.502014 328.059509 328.583588 329.076813 329.547607 330.005402 330.462189 330.909912 331.358490 331.826813 332.321686 332.833313 333.352112 333.874207 334.428406 335.019287 335.780487 336.667114 337.590698 338.475494 339.288696 340.002594 340.688385 341.378387 342.085999 342.817688 343.556885 344.312012 345.022095 345.770111 346.564392 347.388000 348.207886 349.028412 349.881805 350.796600 351.905792 353.335297 354.835205 356.254089 357.591705 358.836487 360.022186 361.195190 362.380707 363.542694 364.786499 366.132385 367.540009 368.908813 370.133209 371.311401 372.529785 373.845215 375.265686 376.903595 378.516998 379.822113
-9999 -9999 327.501495 328.061890 328.592102 329.088898 329.555511 330.001709 330.446808 330.889801 331.325012 331.754211 332.191193 332.645508 333.114685 333.596497 334.095001 334.627808 335.155792 335.998688 336.942902 337.888092 338.763885 339.529388 340.137909 340.873505 341.614685 342.362915 343.132904 343.945496 344.812500 345.600098 346.436798 347.317413 348.224091 349.095886 349.936890 350.800110 351.793488 353.005188 354.457886 355.922699 357.327087 358.629486 359.822296 360.992493 362.135590 363.231995 364.336395 365.523407 366.916107 368.302704 369.610413 370.723907 371.825195 373.008514 374.321808 375.756287 377.511902 379.220093 380.406097
-9999 -9999 328.067688 328.597992 329.096985 329.562012 329.994598 330.412994 330.839813 331.268707 331.688110 332.095795 332.499115 332.910797 333.337311 333.790588 334.301514 334.903809 335.482300 336.303802 337.253815 338.209290 339.093994 339.864990 340.464508 341.140106 341.857208 342.598602 343.368195 344.186615 345.044189 346.002594 346.994995 347.990692 348.997498 349.899689 350.741089 351.653900 352.734985 354.028900 355.490906 357.045013 358.488892 359.768494 360.866302 362.090912 363.226105 364.222198 365.266388 366.487915 367.808502 369.075714 370.202911 371.268097 372.322296 373.474915 374.796204 376.299988 378.007294 379.641388 380.804504
-9999 -9999 328.607697 329.104889 329.566895 329.990112 330.371490 330.761597 331.176788 331.592804 331.996490 332.382111 332.751587 333.117615 333.496002 333.907806 334.394012 334.984100 335.688507 336.579895 337.570404 338.542603 339.414093 340.083313 340.736389 341.415894 342.125214 342.852203 343.614502 344.435303 345.294312 346.395813 347.517609 348.617798 349.674408 350.529694 351.398895 352.387207 353.571198 354.973114 356.577515 358.213287 359.680908 360.942291 362.121887 363.331696 364.421600 365.296387 366.329498 367.505096 368.743988 369.885101 370.887085 371.844513 372.813812 373.889008 375.116913 376.634491 378.290710 379.858185 381.071686
-9999 -9999 329.114685 329.574005 329.993195 330.358185 330.693390 331.056000 331.467804 331.873596 332.261200 332.626404 332.966187 333.288605 333.621704 333.994507 334.453400 335.031494 335.874695 336.869385 337.915100 338.917999 339.809296 340.449188 341.077698 341.748993 342.463287 343.183502 343.959412 344.830414 345.783386 346.896515 348.037598 349.140808 350.090210 350.980713 351.915802 353.000092 354.287689 355.788513 357.557587 359.275085 360.689697 361.954590 363.173615 364.390991 365.367889 366.306000 367.320099 368.441895 369.602295 370.596588 371.504303 372.383911 373.291992 374.300812 375.413300 376.880310 378.457489 379.964508 381.255402
-9999 -9999 329.581787 330.000000 330.375214 330.706512 331.011505 331.331299 331.743103 332.130005 332.501099 332.853394 333.171204 333.461395 333.762909 334.125793 334.597809 335.192291 336.162506 337.238495 338.312988 339.297394 340.089111 340.788391 341.452606 342.142212 342.871887 343.623688 344.419006 345.281006 346.355011 347.480103 348.591003 349.674408 350.540497 351.404785 352.375793 353.542297 354.943604 356.626312 358.435791 360.061096 361.454498 362.704803 363.882294 364.990509 366.030914 367.091003 368.109314 369.175598 370.179901 371.149414 372.029602 372.868988 373.748810 374.748413 375.822296 377.152313 378.610291 380.040497 381.399597
-9999 -9999 329.998993 330.384308 330.734314 331.052887 331.352509 331.664093 332.022003 332.377808 332.732605 333.088593 333.394012 333.665894 333.957306 334.345215 334.906494 335.635712 336.636993 337.747406 338.833313 339.791290 340.549805 341.249908 341.940399 342.665192 343.443512 344.267914 345.150299 346.139404 347.201599 348.233887 349.220612 350.128906 350.984314 351.851715 352.847687 354.059509 355.520203 357.367615 359.225891 360.734589 362.061798 363.263214 364.388489 365.425812 366.574188 367.683014 368.724792 369.785187 370.735291 371.644287 372.488312 373.287415 374.112091 375.021515 376.132111 377.422699 378.804504 380.153687 381.549408
-9999 -9999 330.341187 330.717102 331.065887 331.389099 331.693512 331.995789 332.314301 332.635101 332.967590 333.347900 333.651703 333.917389 334.209900 334.618286 335.212585 336.140015 337.237701 338.389709 339.507111 340.279388 341.075592 341.818604 342.557312 343.342194 344.200806 345.139099 346.173615 347.237305 348.274811 349.173401 350.030212 350.842712 351.626312 352.452087 353.439087 354.668793 356.186615 358.108307 359.853485 361.273590 362.558685 363.735596 364.853790 365.947906 367.098114 368.216888 369.268707 370.198608 371.154510 372.056213 372.891296 373.677094 374.465698 375.311493 376.473602 377.769592 379.121704 380.389893 381.776489
-9999 -9999 330.575500 330.998688 331.375214 331.716705 332.030304 332.328888 332.623199 332.920990 333.239014 333.597900 333.934204 334.226105 334.550507 335.046204 335.823700 336.846710 337.983795 339.111511 340.128387 340.993103 341.790405 342.538300 343.307404 344.156799 345.114807 346.199799 347.349487 348.473389 349.487701 350.241699 351.016113 351.752899 352.476501 353.241699 354.195801 355.437592 357.076111 358.947296 360.490601 361.824493 363.043396 364.171204 365.214386 366.348785 367.509308 368.648895 369.745789 370.636688 371.534485 372.421509 373.266693 374.074097 374.884308 375.784790 376.916595 378.197693 379.565094 380.795197 382.095795
-9999 -9999 330.864105 331.296814 331.692413 332.050995 332.373596 332.668793 332.948792 333.227692 333.523590 333.859985 334.223694 334.580902 334.948090 335.600586 336.543091 337.680298 338.865509 339.988312 340.991913 341.862793 342.648712 343.375397 344.155304 345.059601 346.120087 347.295990 348.519806 349.659210 350.582092 351.360199 352.102814 352.810486 353.504486 354.189911 355.096802 356.337891 357.881714 359.553314 360.984802 362.278015 363.492096 364.664215 365.651001 366.700195 367.796906 368.894592 369.945404 370.865509 371.780487 372.701691 373.597809 374.439911 375.208496 376.187286 377.312286 378.545593 379.837585 381.070404 382.343903
-9999 -9999 331.200592 331.631104 332.034790 332.405701 332.735687 333.028290 333.295197 333.560913 333.838287 334.164398 334.543793 334.949188 335.291809 336.198395 337.335602 338.599609 339.842285 340.963806 341.970886 342.848602 343.621796 344.287415 345.056488 346.000214 347.096802 348.300110 349.542603 350.620392 351.559692 352.392395 353.169312 353.907715 354.619598 355.212402 356.075592 357.208710 358.557892 359.980194 361.340302 362.602814 363.787689 364.902313 365.897614 366.915802 367.957092 368.995087 369.998108 370.949799 371.903900 372.880890 373.869598 374.813690 375.639313 376.598511 377.674805 378.822388 380.000610 381.250702 382.544708
-9999 -9999 331.566498 331.999908 332.409790 332.789398 333.127594 333.422699 333.677612 333.936890 334.200592 334.548615 334.994904 335.502289 336.095306 337.031708 338.217712 339.545898 340.799591 341.959290 342.993591 343.892212 344.664307 345.233398 345.997101 346.937103 348.013489 349.160797 350.303192 351.424805 352.426514 353.324585 354.150909 354.923309 355.601593 356.253387 357.062988 358.065002 359.205994 360.386993 361.669098 362.879486 364.003387 365.028809 366.047089 367.059113 368.060089 369.042694 369.996796 370.954895 371.931213 372.930786 373.952698 374.957397 375.919800 376.946411 378.025696 379.116913 380.163788 381.445709 382.787506
-9999 -9999 -9999 332.400909 332.821503 333.209503 333.557098 333.866211 334.113403 334.379211 334.621704 335.021210 335.584412 336.238312 336.962585 337.904205 339.069305 340.366211 341.709503 342.936493 344.001312 344.900909 345.614288 346.234009 346.965088 347.890015 348.935913 350.029999 351.147491 352.244202 353.261414 354.194489 355.055206 355.850311 356.563812 357.258392 358.043091 358.954193 359.950592 361.002106 362.120300 363.235107 364.286713 365.213104 366.233185 367.232391 368.194489 369.128204 370.019287 370.970306 371.945496 372.940186 373.971191 375.026611 376.147186 377.299011 378.448303 379.571289 380.485992 381.781708 383.160400
-9999 -9999 -9999 -9999 333.269012 333.665588 334.028809 334.365601 334.604492 334.912506 335.118591 335.612488 336.282104 337.076111 337.865509 338.785400 339.939392 341.296509 342.673706 343.917511 344.974091 345.847687 346.574402 347.230103 347.949707 348.888702 349.918793 350.964203 352.031586 353.095703 354.115295 355.070587 355.976013 356.792389 357.532990 358.254089 359.028198 359.881287 360.757507 361.692413 362.689301 363.715302 364.735291 365.631287 366.576691 367.523590 368.446594 369.349487 370.173706 371.110291 372.056000 373.023010 374.049896 375.139496 376.419586 377.715302 378.950409 380.051208 381.108185 382.331207 383.633911
-9999 -9999 -9999 -9999 -9999 334.149506 334.534607 334.922485 335.118195 335.464386 335.814301 336.328400 337.012695 337.838287 338.726288 339.647186 340.806793 342.264587 343.665588 344.879303 345.897400 346.778900 347.563812 348.285187 349.063904 349.989288 350.970612 351.964813 352.980591 354.012207 355.030914 356.021210 356.952515 357.790894 358.543793 359.255493 360.015900 360.805298 361.612488 362.454803 363.347900 364.270111 365.174591 366.106598 367.035889 367.945587 368.848206 369.774109 370.620789 371.475708 372.346313 373.265411 374.293793 375.427307 376.845490 378.272186 379.612915 380.750092 381.853485 383.023407 384.230286
-9999 -9999 -9999 -9999 -9999 -9999 335.053009 335.486511 335.836700 336.220703 336.638214 337.147095 337.800812 338.589386 339.507599 340.550507 341.912598 343.362701 344.676392 345.758911 346.747314 347.678497 348.563385 349.354614 350.201111 351.152313 352.107513 353.035187 353.991699 354.992798 356.013611 357.023102 357.983704 358.870087 359.675690 360.306702 361.050415 361.799988 362.548492 363.306610 364.125610 364.998688 365.891602 366.794312 367.679901 368.515808 369.345703 370.196198 371.152588 371.987488 372.810486 373.689301 374.748688 376.006500 377.490509 378.976898 380.322693 381.568512 382.729187 383.874512 385.014404
-9999 -9999 -9999 -9999 -9999 -9999 -9999 -9999 336.638397 337.094604 337.580597 338.096893 338.725403 339.463898 340.429108 341.682892 343.104187 344.452789 345.545105 346.517303 347.505890 348.519806 349.550507 350.431000 351.409698 352.389709 353.319092 354.148407 355.038513 356.007904 357.020813 358.040009 359.022614 359.937195 360.734406 361.441406 362.158905 362.872803 363.579498 364.247986 365.023499 365.885895 366.783203 367.680206 368.540894 369.290405 370.053497 370.878693 371.768707 372.626587 373.437805 374.243591 375.256409 376.692291 378.314789 379.884705 381.298187 382.579498 383.750488 384.855804 385.916107
-9999 -9999 -9999 -9999 -9999 -9999 -9999 -9999 -9999 338.011810 338.602509 339.148285 339.792389 340.502594 341.572601 342.855988 344.223114 345.324310 346.285889 347.214386 348.190399 349.267609 350.388306 351.557404 352.636505 353.643005 354.548401 355.254700 356.101105 357.037994 358.032288 359.050507 360.045410 360.975494 361.802612 362.558807 363.276794 363.992004 364.692200 365.273987 366.048187 366.921295 367.840607 368.763702 369.635406 370.304810 371.037109 371.792908 372.573914 373.394104 374.256409 375.009705 376.038513 377.610809 379.342712 380.940308 382.392609 383.689301 384.838715 385.861115 386.853912
-9999 -9999 -9999 -9999 -9999 -9999 -9999 -9999 -9999 -9999 339.593506 340.186615 340.889404 341.709808 342.750488 343.914886 345.060089 346.055511 346.953705 347.869995 348.881989 350.028687 351.330414 352.622711 353.786194 354.795807 355.611206 356.342712 357.155090 358.062988 359.041412 360.056610 361.072815 362.019806 362.873291 363.661285 364.368988 365.114594 365.794586 366.437897 367.204987 368.086304 369.036987 369.999603 370.868988 371.613312 372.315887 373.004395 373.645905 374.338013 375.173798 376.073486 377.293915 378.820709 380.470886 382.100006 383.561493 384.828308 385.902191 386.880402 387.838287
-9999 -9999 -9999 -9999 -9999 -9999 -9999 -9999 -9999 -9999 -9999 341.138214 341.945190 342.839813 343.847687 344.897308 345.893005 346.801788 347.658203 348.572601 349.624207 350.842896 352.308502 353.683502 354.853210 355.791809 356.588593 357.343414 358.159485 359.064789 360.046814 361.076691 362.096588 363.054688 363.928986 364.736908 365.420288 366.284790 366.966187 367.642792 368.436890 369.363800 370.383789 371.409210 372.307800 373.106903 373.812592 374.500702 375.042206 375.657593 376.598114 377.747101 378.846985 380.244995 381.831207 383.384888 384.768402 385.926910 386.949707 387.917297 388.887787
-9999 -9999 -9999 -9999 -9999 -9999 -9999 -9999 -9999 -9999 -9999 -9999 342.854797 343.828400 344.821106 345.773804 346.715607 347.613586 348.474396 349.431000 350.573486 351.980194 353.447205 354.760315 355.819489 356.703705 357.500702 358.285614 359.126709 360.052704 361.057800 362.088287 363.096588 364.046295 364.917999 365.696411 366.452087 367.286987 368.081696 368.852295 369.735809 370.788788 371.979309 373.009491 373.882385 374.715088 375.412292 376.107697 376.703613 377.363800 378.181610 379.187500 380.333496 381.745789 383.260590 384.697601 385.928314 386.998291 387.990509 388.977295 389.999512
-9999 -9999 -9999 -9999 -9999 -9999 -9999 -9999 -9999 -9999 -9999 -9999 -9999 344.658813 345.611603 346.570099 347.547913 348.521515 349.435303 350.506012 351.831909 353.264313 354.630615 355.763611 356.721985 357.570496 358.373993 359.192810 360.077911 361.048004 362.059814 363.075409 364.058807 364.980103 365.820312 366.604614 367.389008 368.231995 369.119598 370.070801 371.133209 372.450714 373.731812 374.684387 375.474792 376.331787 377.112610 377.850586 378.486694 379.172302 379.854309 380.707886 381.894592 383.276306 384.689514 385.958496 387.079895 388.078613 389.054993 390.087402 391.193390
-9999 -9999 -9999 -9999 -9999 -9999 -9999 -9999 -9999 -9999 -9999 -9999 -9999 -9999 346.321686 347.349487 348.390808 349.448090 350.526489 351.814789 353.197815 354.544312 355.697388 356.694702 357.578308 358.404785 359.228302 360.095093 361.048187 362.042389 363.041107 364.026215 364.973389 365.865997 366.702087 367.511200 368.315796 369.197113 370.203705 371.390594 372.715210 374.094696 375.247803 376.205505 377.061188 377.959686 378.777496 379.559692 380.183105 380.818604 381.505188 382.358185 383.483093 384.775787 386.049591 387.222412 388.279114 389.217194 390.208801 391.327209 392.509003
-9999 -9999 -9999 -9999 -9999 -9999 -9999 -9999 -9999 -9999 -9999 -9999 -9999 -9999 -9999 348.253601 349.363586 350.540314 351.842194 353.189514 354.484589 355.615997 356.632904 357.551910 358.402405 359.230896 360.089996 361.029297 362.018890 363.014801 363.986908 364.923615 365.828186 366.726410 367.601288 368.467804 369.293915 370.221008 371.360596 372.676392 374.122314 375.438202 376.609314 377.628906 378.551208 379.531006 380.331604 381.102997 381.773102 382.410004 383.108093 383.920502 384.974609 386.170013 387.376404 388.518188 389.568115 390.471588 391.553406 392.744293 393.977386
-9999 -9999 -9999 -9999 -9999 -9999 -9999 -9999 -9999 -9999 -9999 -9999 -9999 -9999 -9999 -9999 -9999 351.867706 353.210907 354.449005 355.479095 356.481293 357.436096 358.341797 359.207092 360.067108 360.986115 361.951813 362.956909 363.939209 364.860413 365.729004 366.632111 367.577606 368.538910 369.517395 370.381897 371.375885 372.529785 373.843414 375.242188 376.620209 377.884796 379.023987 380.071503 381.048889 381.877686 382.611786 383.287506 383.915405 384.628510 385.372101 386.369507 387.500885 388.674988 389.821686 390.878387 391.916290 393.079010 394.336487 395.623108
-9999 -9999 -9999 -9999 -9999 -9999 -9999 -9999 -9999 -9999 -9999 -9999 -9999 -9999 -9999 -9999 -9999 -9999 354.477905 355.424103 356.247986 357.195099 358.145294 359.089203 360.010986 360.934906 361.874207 362.827606 363.831696 364.773590 365.601105 366.467987 367.428497 368.464294 369.524506 370.587708 371.672485 372.654907 373.760010 375.033997 376.422089 377.824585 379.171997 380.430389 381.607086 382.617889 383.410706 384.076813 384.742310 385.327209 386.023895 386.799500 387.726013 388.797302 389.956085 391.114990 392.259705 393.437988 394.707092 396.006714 397.468201
-9999 -9999 -9999 -9999 -9999 -9999 -9999 -9999 -9999 -9999 -9999 -9999 -9999 -9999 -9999 -9999 -9999 -9999 -9999 356.281708 357.026611 357.882812 358.817596 359.817413 360.824493 361.817291 362.765289 363.657501 364.618805 365.439789 366.278412 367.226715 368.316803 369.507385 370.745697 372.021515 373.113800 374.065002 375.128510 376.373810 377.730713 379.144409 380.568787 381.968201 383.219513 384.259888 384.945892 385.501404 386.142487 386.770905 387.439087 388.203186 389.062500 390.100311 391.273712 392.483093 393.733002 395.054688 396.454315 397.911713 399.440491
