preAndPostProcessing/relief_22_s.asc
ncols         257
nrows         227
xllcorner     530195,48752344
yllcorner     7503727,4955134
cellsize      5
NODATA_value  -9999
[rows 27 to 53 of 227, columns 61 to 121 of 257]
336.145905 336.738495 337.367493 337.993011 338.549500 338.993988 339.308807 339.605103 339.739014 339.913086 340.316010 341.189789 342.351715 343.688599 345.117004 346.620697 348.093201 349.470886 350.468994 351.257812 351.901611 352.433899 352.854706 353.171112 353.417511 353.612915 353.808899 354.078186 354.372498 354.864594 355.437408 356.135406 356.886688 357.609894 358.280701 358.914307 359.492188 360.016510 360.518188 360.958588 361.339905 361.737213 362.209503 362.727386 363.258209 363.772797 364.348511 -9999 -9999 -9999 -9999 -9999 -9999 -9999 -9999 -9999 -9999 -9999 -9999 -9999 -9999
336.915405 337.519196 338.136292 338.743103 339.321289 339.848511 340.280304 340.673615 340.893311 341.082214 341.444611 342.147186 343.135590 344.321899 345.622803 347.116394 348.557098 349.861206 350.876190 351.710114 352.407898 352.990814 353.468292 353.846313 354.148712 354.341705 354.530212 354.832886 354.992188 355.221313 355.838715 356.558594 357.310913 358.044586 358.723999 359.388702 359.977997 360.505310 361.013397 361.494904 361.962311 362.447296 362.968994 363.499786 364.018005 364.452911 364.999512 365.695892 -9999 -9999 -9999 -9999 -9999 -9999 -9999 -9999 -9999 -9999 -9999 -9999 -9999
337.528992 338.172089 338.795197 339.401001 340.006195 340.557587 341.314514 341.799194 342.094696 342.304413 342.617188 343.182098 344.028107 345.087891 346.321411 347.622498 348.888214 350.033905 351.081085 351.988892 352.765106 353.430908 353.997192 354.478912 354.899414 355.101807 355.258514 355.559387 355.774414 356.041504 356.534393 357.163605 357.860687 358.559113 359.200287 359.857910 360.421112 360.965088 361.499115 362.026398 362.560486 363.118896 363.696686 364.270599 364.804413 365.129486 365.651398 366.338196 367.188599 -9999 -9999 -9999 -9999 -9999 -9999 -9999 -9999 -9999 -9999 -9999 -9999
338.025787 338.750610 339.417603 340.077393 340.804108 341.550690 342.333008 342.935699 343.351105 343.593811 343.861511 344.326691 345.081390 346.039215 347.109985 348.222504 349.300995 350.288208 351.339691 352.287292 353.121002 353.856689 354.505707 355.093903 355.655914 356.062286 356.304901 356.559692 356.764008 356.998810 357.380005 357.902496 358.533905 359.205688 359.830414 360.252686 360.874115 361.462585 362.019501 362.573395 363.148499 363.753204 364.370605 364.967407 365.467285 365.867401 366.345612 366.990204 367.784790 368.734009 369.793091 -9999 -9999 -9999 -9999 -9999 -9999 -9999 -9999 -9999 -9999
338.381195 339.269806 340.036285 340.817596 341.643890 342.500305 343.342285 344.063110 344.636414 344.930908 345.188904 345.614197 346.354889 347.193298 348.082886 349.029694 349.983612 350.911896 351.861389 352.761505 353.596588 354.371094 355.093201 355.818390 356.475403 356.993103 357.364105 357.659088 357.854889 358.027008 358.291290 358.699097 359.269196 359.914886 360.481903 360.981293 361.545288 362.099609 362.628693 363.163208 363.742493 364.368500 365.006409 365.621704 366.163788 366.637299 367.130615 367.670685 368.374603 369.245697 370.196411 371.316193 -9999 -9999 -9999 -9999 -9999 -9999 -9999 -9999 -9999
338.678497 339.746002 340.628693 341.519196 342.440308 343.372894 344.263702 345.064697 345.736206 346.221588 346.654297 347.178894 347.856110 348.520599 349.213806 350.028412 350.893585 351.756714 352.619293 353.438904 354.243195 355.035797 355.831512 356.607086 357.314606 357.910706 358.392609 358.767395 358.948792 359.040009 359.179413 359.469208 359.994385 360.613800 361.210693 361.770599 362.329010 362.857697 363.331512 363.808594 364.365112 364.996704 365.650391 366.291809 366.891815 367.427795 367.905792 368.346710 368.966888 369.785400 370.702606 371.787994 372.959015 -9999 -9999 -9999 -9999 -9999 -9999 -9999 -9999
338.923096 340.010010 341.069305 342.122406 343.145294 344.149994 345.081390 345.979706 346.771301 347.438385 348.041809 348.676788 349.358398 349.871613 350.395386 351.151703 351.966095 352.780487 353.579315 354.293915 355.048889 355.842010 356.636505 357.403687 358.115295 358.746002 359.293304 359.731506 359.904602 359.946014 359.991699 360.178986 360.710205 361.344788 361.990112 362.608093 363.197815 363.727814 364.127686 364.514801 365.044891 365.672791 366.319214 366.976013 367.641113 368.268188 368.789001 369.139313 369.558411 370.216614 371.166107 372.256897 373.429596 374.647003 -9999 -9999 -9999 -9999 -9999 -9999 -9999
339.242188 340.271088 341.436310 342.607391 343.745514 344.810608 345.788910 346.755402 347.660614 348.477692 349.201691 349.900787 350.518188 351.053406 351.624908 352.329498 353.100006 353.889313 354.655212 355.254211 355.980988 356.730499 357.467407 358.166412 358.826691 359.426910 359.927612 360.166504 360.467102 360.617004 360.741302 360.993896 361.484711 362.108490 362.778687 363.446411 364.090088 364.656586 364.999786 365.312714 365.864014 366.459015 367.039307 367.646698 368.362305 369.099396 369.697296 369.947388 370.214996 370.869598 371.753815 372.770599 373.870514 375.008392 376.182007 -9999 -9999 -9999 -9999 -9999 -9999
339.706207 340.669189 341.799805 343.010101 344.212891 345.217010 346.261993 347.313202 348.330414 349.275513 350.061615 350.796600 351.455811 352.065002 352.697815 353.402588 354.157715 354.934814 355.646790 356.290802 356.970215 357.647095 358.295593 358.879608 359.452515 360.002289 360.467499 360.790009 361.067291 361.263306 361.451904 361.752014 362.230499 362.849304 363.539215 364.239288 364.898987 365.372986 365.923096 366.370697 366.882507 367.398590 367.848907 368.301605 368.989014 369.754913 370.272491 370.629211 371.021790 371.643890 372.443909 373.369812 374.370911 375.426086 376.673889 377.898102 -9999 -9999 -9999 -9999 -9999
340.118103 341.002014 342.073914 343.295807 344.580902 345.532501 346.535309 347.619507 348.729004 349.805786 350.636688 351.412903 352.152802 352.871887 353.591187 354.315796 355.070496 355.850494 356.577393 357.251312 357.911499 358.533508 359.095886 359.531799 360.019989 360.540497 361.005890 361.377014 361.673615 361.903900 362.141388 362.469788 362.952087 363.572510 364.280304 365.018097 365.725189 366.341187 366.944092 367.463806 367.986298 368.482391 368.819794 369.118591 369.565094 370.155212 370.777100 371.287201 371.802185 372.443604 373.214294 374.087189 375.030304 376.095490 377.296600 378.516907 379.655396 -9999 -9999 -9999 -9999
340.825989 341.456085 342.307404 343.387085 344.580597 345.476410 346.485992 347.610687 348.779510 349.914490 350.819611 351.700409 352.581299 353.456207 354.297913 355.063904 355.862213 356.653290 357.399506 358.094788 358.749908 359.338287 359.844513 360.118103 360.573914 361.070587 361.541687 361.941803 362.265991 362.534790 362.807892 363.162201 363.658813 364.301208 365.045685 365.842010 366.604492 367.290314 367.930298 368.503815 369.075287 369.613800 369.855408 369.998413 370.259491 370.844788 371.477814 372.046112 372.618103 373.282013 374.051208 374.896912 375.788391 376.806213 377.941895 379.108307 380.155914 381.074005 -9999 -9999 -9999
341.916412 342.224701 342.658386 343.403900 344.299103 345.153290 346.205902 347.364197 348.558685 349.731812 350.674591 351.692108 352.743103 353.786407 354.804688 355.646515 356.480591 357.297394 358.065002 358.776215 359.425201 359.967987 360.386292 360.718292 361.134888 361.600800 362.063995 362.481995 362.831696 363.137512 363.448486 363.824585 364.360992 365.061798 365.887085 366.738190 367.547089 368.251709 368.893311 369.450104 370.017914 370.482788 370.749908 370.954712 371.269501 371.786102 372.370789 372.918488 373.476410 374.140503 374.907196 375.701599 376.561005 377.528900 378.605408 379.747314 380.800995 381.725494 382.555389 383.352112 -9999
343.317291 343.389587 343.508392 343.748993 344.296204 344.997101 345.960205 347.065094 348.211792 349.319885 350.307587 351.496490 352.704712 353.875488 354.978699 355.955505 356.878296 357.750610 358.549805 359.273712 359.906311 360.402100 360.828888 361.218903 361.641510 362.102203 362.567688 362.998291 363.370911 363.701294 364.020905 364.447113 365.061798 365.877686 366.787506 367.714813 368.571289 369.268707 369.908813 370.410797 370.980011 371.411896 371.698090 371.960602 372.329498 372.842987 373.416290 373.892212 374.367401 375.005402 375.744904 376.532806 377.372986 378.287689 379.283295 380.339203 381.484985 382.446198 383.313293 384.159210 385.016510
344.897400 344.851410 344.780701 344.729797 344.738312 345.110413 345.918915 346.912689 348.001801 349.097107 350.130890 351.359100 352.620605 353.849487 355.010895 356.091309 357.102203 358.036285 358.871185 359.589294 360.112610 360.688599 361.200409 361.661591 362.113708 362.579407 363.050690 363.502686 363.907013 364.272003 364.575287 365.054291 365.781494 366.698395 367.687592 368.728790 369.673889 370.371887 371.075287 371.659607 372.142792 372.480499 372.725311 372.996094 373.392487 373.943787 374.552887 374.931488 375.298004 375.931305 376.662201 377.452911 378.282013 379.170502 380.106689 381.144196 382.236908 383.251099 384.179108 385.113495 386.073212
346.432312 346.349487 346.170197 345.872101 345.525787 345.728088 346.267395 347.048706 348.070099 349.175110 350.177399 351.359406 352.592499 353.816589 354.997986 356.135986 357.211212 358.201904 359.094696 359.887207 360.447113 361.018005 361.573090 362.096893 362.570496 363.043213 363.524902 364.002411 364.459198 364.887299 365.152313 365.704712 366.476898 367.430389 368.502502 369.672302 370.709198 371.606995 372.405914 373.049988 373.456390 373.681488 373.836395 374.054413 374.430511 374.992615 375.548309 375.980591 376.417694 376.998413 377.705505 378.503815 379.329010 380.248596 381.156006 382.108398 383.128815 384.166687 385.198090 386.284393 387.359985
347.873199 347.866913 347.770996 347.447296 346.998993 346.847809 347.005615 347.472687 348.412109 349.543915 350.473785 351.524994 352.666595 353.840302 354.996002 356.151703 357.261810 358.279602 359.190399 359.979004 360.644714 361.294403 361.926086 362.522491 363.017914 363.500397 363.996613 364.503815 365.011292 365.483612 365.880402 366.423187 367.164215 368.109711 369.216614 370.415802 371.670502 372.791412 373.749298 374.497986 374.858704 374.994202 375.069885 375.215088 375.540405 376.123505 376.682709 377.132812 377.576508 378.129089 378.839386 379.672302 380.504608 381.565796 382.378204 383.230011 384.200500 385.286194 386.461700 387.642212 388.747101
349.139191 349.255615 349.371307 349.127594 348.573700 348.189697 348.040710 348.259399 348.910492 349.837708 350.748810 351.755707 352.840607 353.959290 355.047302 356.201508 357.325806 358.352814 359.263306 360.031891 360.808594 361.553192 362.250702 362.888000 363.441711 363.961090 364.489410 365.043091 365.633789 366.189789 366.654114 367.176697 367.858887 368.762787 369.897614 371.228210 372.623108 373.898102 374.964600 375.743713 376.178009 376.383301 376.515808 376.691406 377.014008 377.497406 378.012390 378.416595 378.802399 379.308105 380.027802 380.856415 381.744995 382.717590 383.603088 384.459503 385.459503 386.666687 387.946899 389.208801 390.339111
350.225891 350.366211 350.520294 350.366913 349.954102 349.539398 349.152710 349.127014 349.484589 350.173798 351.080414 352.081696 353.140900 354.225891 355.216309 356.345398 357.462189 358.504211 359.436798 360.183502 361.044586 361.867310 362.619904 363.294495 363.895691 364.461609 365.042603 365.678802 366.326904 366.940796 367.488098 367.991089 368.596405 369.434601 370.546600 372.004700 373.521515 374.892303 376.039398 376.924286 377.479614 377.812897 378.065887 378.277100 378.552399 378.949005 379.450409 379.783813 380.094696 380.561798 381.336792 382.178009 383.069611 383.978088 384.926697 385.869202 386.981110 388.226715 389.545288 390.800812 392.045807
351.427490 351.576996 351.664703 351.534912 351.189087 350.742706 350.295197 350.141602 350.296600 350.880188 351.650909 352.562805 353.567688 354.647614 355.574707 356.602295 357.674591 358.737213 359.760498 360.567596 361.426514 362.279388 363.072601 363.782104 364.421112 365.038910 365.696106 366.381714 367.074493 367.752686 368.396393 368.886292 369.423798 370.239014 371.422699 372.863495 374.389496 375.761597 376.985199 377.988007 378.724396 379.229187 379.652802 379.898987 380.095093 380.350403 380.739288 381.091095 381.489807 382.057892 382.836792 383.652191 384.544403 385.422394 386.484314 387.631287 388.677185 389.872009 391.163391 392.481812 393.855591
352.596100 352.737305 352.785797 352.687103 352.437012 352.091187 351.750702 351.575409 351.628510 351.954498 352.455505 353.171997 353.999390 354.918610 355.842010 356.839691 357.877014 358.923096 359.937714 360.872101 361.821014 362.748505 363.604889 364.355499 365.032013 365.710388 366.406311 367.115295 367.825806 368.525604 369.197205 369.803894 370.355988 371.252686 372.407898 373.739990 375.109711 376.545013 377.885101 379.033295 379.954315 380.608307 381.185791 381.517914 381.703400 381.878693 382.130402 382.451385 382.905487 383.562500 384.391113 385.161804 386.040192 387.011505 388.125610 389.302307 390.352600 391.549500 392.862396 394.264587 395.801910
353.778412 353.894012 353.918396 353.863098 353.727295 353.532013 353.326996 353.186493 353.154694 353.258514 353.473694 353.928802 354.497711 355.219086 356.135498 357.103394 358.095490 359.102112 360.082703 361.153107 362.228210 363.257812 364.195190 364.989105 365.709503 366.420105 367.136688 367.857086 368.575287 369.294586 370.020599 370.737701 371.482208 372.420197 373.527313 374.733612 375.941986 377.422913 378.853607 380.132385 381.247986 382.140289 382.827301 383.188507 383.334991 383.418488 383.559387 383.826904 384.298615 385.019012 385.852203 386.677704 387.581909 388.629913 389.816010 391.005707 392.157288 393.343414 394.668304 396.179596 397.939789
354.948395 355.044098 355.072601 355.072815 355.045410 354.988800 354.904388 354.808807 354.711609 354.626312 354.550507 354.815796 355.168488 355.826691 356.607605 357.466492 358.390289 359.366302 360.315491 361.480804 362.655090 363.774994 364.781586 365.600311 366.366486 367.117310 367.863495 368.595093 369.323608 370.076385 370.892792 371.740112 372.644012 373.653809 374.750610 375.873993 377.089386 378.496002 379.926300 381.290497 382.540802 383.597992 384.409698 384.789398 384.914612 384.951111 385.028687 385.251099 385.724701 386.530487 387.413513 388.242798 389.151215 390.270905 391.555206 392.860199 394.134003 395.337189 396.696014 398.357391 400.192810
355.990509 356.180511 356.281311 356.347595 356.383606 356.384094 356.336792 356.226196 356.045685 355.802704 355.551605 355.712402 356.036102 356.582611 357.178589 357.901001 358.753693 359.745392 360.732300 361.885010 363.084015 364.234985 365.187500 366.099701 366.950897 367.770203 368.569885 369.324188 370.074585 370.892395 371.778107 372.738403 373.777588 374.876892 375.966888 377.070312 378.240997 379.575897 380.969788 382.369202 383.693695 384.815887 385.616394 386.089996 386.320007 386.432709 386.580505 386.870087 387.401093 388.199890 389.105713 389.890198 390.776001 392.000000 393.383789 394.819611 396.205414 397.584106 399.078613 400.686890 402.465515
356.986115 357.264191 357.445007 357.586090 357.669586 357.697906 357.670410 357.566986 357.378296 357.117493 356.876007 356.826508 356.961212 357.291290 357.747803 358.344208 359.088196 359.989410 361.049286 362.237488 363.468811 364.678406 365.630005 366.549591 367.453888 368.347504 369.228912 370.020111 370.824799 371.669006 372.603302 373.647491 374.804901 376.014313 377.179596 378.284607 379.345703 380.536896 381.923309 383.321899 384.653290 385.763611 386.618713 387.224701 387.607208 387.853088 388.125214 388.473694 389.023590 389.833099 390.702393 391.581512 392.599213 393.832397 395.270294 396.805603 398.339691 399.884094 401.446686 403.010895 404.629303
357.954010 358.281006 358.521912 358.749390 358.871002 358.913788 358.906494 358.842194 358.704498 358.487488 358.232391 358.001892 357.936401 358.067596 358.372986 358.845306 359.477112 360.286194 361.385406 362.559906 363.743286 364.885010 365.872711 366.839691 367.805908 368.778595 369.764099 370.588409 371.453888 372.321198 373.303711 374.405609 375.653412 377.083496 378.394287 379.527496 380.480408 381.632812 382.903687 384.184601 385.399902 386.562714 387.515991 388.247986 388.784393 389.166290 389.595886 389.995789 390.557709 391.411896 392.336304 393.327515 394.459686 395.706909 397.210297 398.785492 400.413391 402.079102 403.692108 405.150787 406.611786
358.894714 359.210388 359.471191 359.805786 359.961914 360.018707 360.035889 360.023804 359.958099 359.808502 359.552094 359.160400 358.952911 358.943695 359.110504 359.469208 360.070496 360.902313 361.909088 362.957306 363.997711 365.001495 366.004608 367.007202 368.000305 368.989014 369.959015 370.872711 371.812805 372.787903 373.862000 375.049103 376.537994 378.153015 379.572296 380.688995 381.690186 382.768494 383.918610 385.079010 386.244110 387.358704 388.347412 389.169586 389.839203 390.307892 390.857788 391.424286 392.139008 393.022614 393.982605 395.079193 396.306488 397.660614 399.168091 400.694611 402.357208 404.045807 405.577606 406.996490 408.357513
359.795288 360.050201 360.270813 360.650787 360.901215 361.028198 361.084412 361.092407 361.033203 360.868195 360.580811 360.205597 360.008514 359.957214 360.039703 360.320496 360.954895 361.748413 362.633087 363.506989 364.365387 365.198914 366.176514 367.167908 368.145691 369.110687 370.043610 371.046387 372.076294 373.123413 374.240204 375.527588 377.267914 379.095703 380.553314 381.756500 382.828186 383.885986 384.955109 386.015594 387.078613 388.114807 389.097900 389.967407 390.728485 391.408997 392.069489 392.758209 393.581604 394.563507 395.581390 396.812714 398.153412 399.576813 401.041290 402.546112 404.122192 405.705505 407.209106 408.589996 409.885498
