preAndPostProcessing/slope.asc
ncols         21
nrows         70
xllcorner     530200,48752344
yllcorner     7503732,4955134
cellsize      1
NODATA_value  -9999
33.094011 33.094011 33.094011 33.094011 33.094011 33.094011 33.094011 33.094011 33.094011 33.094011 33.094011 33.094011 33.094011 33.094011 33.094011 33.094011 33.094011 33.094011 33.094011 33.094011 33.094011
32.508293 32.508293 32.508293 32.508293 32.508293 32.508293 32.508293 32.508293 32.508293 32.508293 32.508293 32.508293 32.508293 32.508293 32.508293 32.508293 32.508293 32.508293 32.508293 32.508293 32.508293
31.922575 31.922575 31.922575 31.922575 31.922575 31.922575 31.922575 31.922575 31.922575 31.922575 31.922575 31.922575 31.922575 31.922575 31.922575 31.922575 31.922575 31.922575 31.922575 31.922575 31.922575
31.336858 31.336858 31.336858 31.336858 31.336858 31.336858 31.336858 31.336858 31.336858 31.336858 31.336858 31.336858 31.336858 31.336858 31.336858 31.336858 31.336858 31.336858 31.336858 31.336858 31.336858
30.751140 30.751140 30.751140 30.751140 30.751140 30.751140 30.751140 30.751140 30.751140 30.751140 30.751140 30.751140 30.751140 30.751140 30.751140 30.751140 30.751140 30.751140 30.751140 30.751140 30.751140
30.165422 30.165422 30.165422 30.165422 30.165422 30.165422 30.165422 30.165422 30.165422 30.165422 30.165422 30.165422 30.165422 30.165422 30.165422 30.165422 30.165422 30.165422 30.165422 30.165422 30.165422
29.579705 29.579705 29.579705 29.579705 29.579705 29.579705 29.579705 29.579705 29.579705 29.579705 29.579705 29.579705 29.579705 29.579705 29.579705 29.579705 29.579705 29.579705 29.579705 29.579705 29.579705
28.993987 28.993987 28.993987 28.993987 28.993987 28.993987 28.993987 28.993987 28.993987 28.993987 28.993987 28.993987 28.993987 28.993987 28.993987 28.993987 28.993987 28.993987 28.993987 28.993987 28.993987
28.408269 28.408269 28.408269 28.408269 28.408269 28.408269 28.408269 28.408269 28.408269 28.408269 28.408269 28.408269 28.408269 28.408269 28.408269 28.408269 28.408269 28.408269 28.408269 28.408269 28.408269
27.822552 27.822552 27.822552 27.822552 27.822552 27.822552 27.822552 27.822552 27.822552 27.822552 27.822552 27.822552 27.822552 27.822552 27.822552 27.822552 27.822552 27.822552 27.822552 27.822552 27.822552
27.236834 27.236834 27.236834 27.236834 27.236834 27.236834 27.236834 27.236834 27.236834 27.236834 27.236834 27.236834 27.236834 27.236834 27.236834 27.236834 27.236834 27.236834 27.236834 27.236834 27.236834
26.651116 26.651116 26.651116 26.651116 26.651116 26.651116 26.651116 26.651116 26.651116 26.651116 26.651116 26.651116 26.651116 26.651116 26.651116 26.651116 26.651116 26.651116 26.651116 26.651116 26.651116
26.065399 26.065399 26.065399 26.065399 26.065399 26.065399 26.065399 26.065399 26.065399 26.065399 26.065399 26.065399 26.065399 26.065399 26.065399 26.065399 26.065399 26.065399 26.065399 26.065399 26.065399
25.479681 25.479681 25.479681 25.479681 25.479681 25.479681 25.479681 25.479681 25.479681 25.479681 25.479681 25.479681 25.479681 25.479681 25.479681 25.479681 25.479681 25.479681 25.479681 25.479681 25.479681
24.893963 24.893963 24.893963 24.893963 24.893963 24.893963 24.893963 24.893963 24.893963 24.893963 24.893963 24.893963 24.893963 24.893963 24.893963 24.893963 24.893963 24.893963 24.893963 24.893963 24.893963
24.308246 24.308246 24.308246 24.308246 24.308246 24.308246 24.308246 24.308246 24.308246 24.308246 24.308246 24.308246 24.308246 24.308246 24.308246 24.308246 24.308246 24.308246 24.308246 24.308246 24.308246
23.722528 23.722528 23.722528 23.722528 23.722528 23.722528 23.722528 23.722528 23.722528 23.722528 23.722528 23.722528 23.722528 23.722528 23.722528 23.722528 23.722528 23.722528 23.722528 23.722528 23.722528
23.136810 23.136810 23.136810 23.136810 23.136810 23.136810 23.136810 23.136810 23.136810 23.136810 23.136810 23.136810 23.136810 23.136810 23.136810 23.136810 23.136810 23.136810 23.136810 23.136810 23.136810
22.551093 22.551093 22.551093 22.551093 22.551093 22.551093 22.551093 22.551093 22.551093 22.551093 22.551093 22.551093 22.551093 22.551093 22.551093 22.551093 22.551093 22.551093 22.551093 22.551093 22.551093
21.965375 21.965375 21.965375 21.965375 21.965375 21.965375 21.965375 21.965375 21.965375 21.965375 21.965375 21.965375 21.965375 21.965375 21.965375 21.965375 21.965375 21.965375 21.965375 21.965375 21.965375
21.379657 21.379657 21.379657 21.379657 21.379657 21.379657 21.379657 21.379657 21.379657 21.379657 21.379657 21.379657 21.379657 21.379657 21.379657 21.379657 21.379657 21.379657 21.379657 21.379657 21.379657
20.793940 20.793940 20.793940 20.793940 20.793940 20.793940 20.793940 20.793940 20.793940 20.793940 20.793940 20.793940 20.793940 20.793940 20.793940 20.793940 20.793940 20.793940 20.793940 20.793940 20.793940
20.208222 20.208222 20.208222 20.208222 20.208222 20.208222 20.208222 20.208222 20.208222 20.208222 20.208222 20.208222 20.208222 20.208222 20.208222 20.208222 20.208222 20.208222 20.208222 20.208222 20.208222
19.622504 19.622504 19.622504 19.622504 19.622504 19.622504 19.622504 19.622504 19.622504 19.622504 19.622504 19.622504 19.622504 19.622504 19.622504 19.622504 19.622504 19.622504 19.622504 19.622504 19.622504
19.036787 19.036787 19.036787 19.036787 19.036787 19.036787 19.036787 19.036787 19.036787 19.036787 19.036787 19.036787 19.036787 19.036787 19.036787 19.036787 19.036787 19.036787 19.036787 19.036787 19.036787
18.451069 18.451069 18.451069 18.451069 18.451069 18.451069 18.451069 18.451069 18.451069 18.451069 18.451069 18.451069 18.451069 18.451069 18.451069 18.451069 18.451069 18.451069 18.451069 18.451069 18.451069
17.865351 17.865351 17.865351 17.865351 17.865351 17.865351 17.865351 17.865351 17.865351 17.865351 17.865351 17.865351 17.865351 17.865351 17.865351 17.865351 17.865351 17.865351 17.865351 17.865351 17.865351
17.279634 17.279634 17.279634 17.279634 17.279634 17.279634 17.279634 17.279634 17.279634 17.279634 17.279634 17.279634 17.279634 17.279634 17.279634 17.279634 17.279634 17.279634 17.279634 17.279634 17.279634
16.693916 16.693916 16.693916 16.693916 16.693916 16.693916 16.693916 16.693916 16.693916 16.693916 16.693916 16.693916 16.693916 16.693916 16.693916 16.693916 16.693916 16.693916 16.693916 16.693916 16.693916
16.108199 16.108199 16.108199 16.108199 16.108199 16.108199 16.108199 16.108199 16.108199 16.108199 16.108199 16.108199 16.108199 16.108199 16.108199 16.108199 16.108199 16.108199 16.108199 16.108199 16.108199
15.525209 15.525209 15.525209 15.525209 15.525209 15.525209 15.525209 15.525209 15.525209 15.525209 15.525209 15.525209 15.525209 15.525209 15.525209 15.525209 15.525209 15.525209 15.525209 15.525209 15.525209
14.967080 14.967080 14.967080 14.967080 14.967080 14.967080 14.967080 14.967080 14.967080 14.967080 14.967080 14.967080 14.967080 14.967080 14.967080 14.967080 14.967080 14.967080 14.967080 14.967080 14.967080
14.438661 14.438661 14.438661 14.438661 14.438661 14.438661 14.438661 14.438661 14.438661 14.438661 14.438661 14.438661 14.438661 14.438661 14.438661 14.438661 14.438661 14.438661 14.438661 14.438661 14.438661
13.939952 13.939952 13.939952 13.939952 13.939952 13.939952 13.939952 13.939952 13.939952 13.939952 13.939952 13.939952 13.939952 13.939952 13.939952 13.939952 13.939952 13.939952 13.939952 13.939952 13.939952
13.470953 13.470953 13.470953 13.470953 13.470953 13.470953 13.470953 13.470953 13.470953 13.470953 13.470953 13.470953 13.470953 13.470953 13.470953 13.470953 13.470953 13.470953 13.470953 13.470953 13.470953
13.031665 13.031665 13.031665 13.031665 13.031665 13.031665 13.031665 13.031665 13.031665 13.031665 13.031665 13.031665 13.031665 13.031665 13.031665 13.031665 13.031665 13.031665 13.031665 13.031665 13.031665
12.622087 12.622087 12.622087 12.622087 12.622087 12.622087 12.622087 12.622087 12.622087 12.622087 12.622087 12.622087 12.622087 12.622087 12.622087 12.622087 12.622087 12.622087 12.622087 12.622087 12.622087
12.242219 12.242219 12.242219 12.242219 12.242219 12.242219 12.242219 12.242219 12.242219 12.242219 12.242219 12.242219 12.242219 12.242219 12.242219 12.242219 12.242219 12.242219 12.242219 12.242219 12.242219
11.892062 11.892062 11.892062 11.892062 11.892062 11.892062 11.892062 11.892062 11.892062 11.892062 11.892062 11.892062 11.892062 11.892062 11.892062 11.892062 11.892062 11.892062 11.892062 11.892062 11.892062
11.571615 11.571615 11.571615 11.571615 11.571615 11.571615 11.571615 11.571615 11.571615 11.571615 11.571615 11.571615 11.571615 11.571615 11.571615 11.571615 11.571615 11.571615 11.571615 11.571615 11.571615
11.280878 11.280878 11.280878 11.280878 11.280878 11.280878 11.280878 11.280878 11.280878 11.280878 11.280878 11.280878 11.280878 11.280878 11.280878 11.280878 11.280878 11.280878 11.280878 11.280878 11.280878
11.019852 11.019852 11.019852 11.019852 11.019852 11.019852 11.019852 11.019852 11.019852 11.019852 11.019852 11.019852 11.019852 11.019852 11.019852 11.019852 11.019852 11.019852 11.019852 11.019852 11.019852
10.788536 10.788536 10.788536 10.788536 10.788536 10.788536 10.788536 10.788536 10.788536 10.788536 10.788536 10.788536 10.788536 10.788536 10.788536 10.788536 10.788536 10.788536 10.788536 10.788536 10.788536
10.586930 10.586930 10.586930 10.586930 10.586930 10.586930 10.586930 10.586930 10.586930 10.586930 10.586930 10.586930 10.586930 10.586930 10.586930 10.586930 10.586930 10.586930 10.586930 10.586930 10.586930
10.415035 10.415035 10.415035 10.415035 10.415035 10.415035 10.415035 10.415035 10.415035 10.415035 10.415035 10.415035 10.415035 10.415035 10.415035 10.415035 10.415035 10.415035 10.415035 10.415035 10.415035
10.272850 10.272850 10.272850 10.272850 10.272850 10.272850 10.272850 10.272850 10.272850 10.272850 10.272850 10.272850 10.272850 10.272850 10.272850 10.272850 10.272850 10.272850 10.272850 10.272850 10.272850
10.160375 10.160375 10.160375 10.160375 10.160375 10.160375 10.160375 10.160375 10.160375 10.160375 10.160375 10.160375 10.160375 10.160375 10.160375 10.160375 10.160375 10.160375 10.160375 10.160375 10.160375
10.077611 10.077611 10.077611 10.077611 10.077611 10.077611 10.077611 10.077611 10.077611 10.077611 10.077611 10.077611 10.077611 10.077611 10.077611 10.077611 10.077611 10.077611 10.077611 10.077611 10.077611
10.024556 10.024556 10.024556 10.024556 10.024556 10.024556 10.024556 10.024556 10.024556 10.024556 10.024556 10.024556 10.024556 10.024556 10.024556 10.024556 10.024556 10.024556 10.024556 10.024556 10.024556
10.001213 10.001213 10.001213 10.001213 10.001213 10.001213 10.001213 10.001213 10.001213 10.001213 10.001213 10.001213 10.001213 10.001213 10.001213 10.001213 10.001213 10.001213 10.001213 10.001213 10.001213
10.000000 10.000000 10.000000 10.000000 10.000000 10.000000 10.000000 10.000000 10.000000 10.000000 10.000000 10.000000 10.000000 10.000000 10.000000 10.000000 10.000000 10.000000 10.000000 10.000000 10.000000
10.000000 10.000000 10.000000 10.000000 10.000000 10.000000 10.000000 10.000000 10.000000 10.000000 10.000000 10.000000 10.000000 10.000000 10.000000 10.000000 10.000000 10.000000 10.000000 10.000000 10.000000
10.000000 10.000000 10.000000 10.000000 10.000000 10.000000 10.000000 10.000000 10.000000 10.000000 10.000000 10.000000 10.000000 10.000000 10.000000 10.000000 10.000000 10.000000 10.000000 10.000000 10.000000
10.000000 10.000000 10.000000 10.000000 10.000000 10.000000 10.000000 10.000000 10.000000 10.000000 10.000000 10.000000 10.000000 10.000000 10.000000 10.000000 10.000000 10.000000 10.000000 10.000000 10.000000
10.000000 10.000000 10.000000 10.000000 10.000000 10.000000 10.000000 10.000000 10.000000 10.000000 10.000000 10.000000 10.000000 10.000000 10.000000 10.000000 10.000000 10.000000 10.000000 10.000000 10.000000
10.000000 10.000000 10.000000 10.000000 10.000000 10.000000 10.000000 10.000000 10.000000 10.000000 10.000000 10.000000 10.000000 10.000000 10.000000 10.000000 10.000000 10.000000 10.000000 10.000000 10.000000
10.000000 10.000000 10.000000 10.000000 10.000000 10.000000 10.000000 10.000000 10.000000 10.000000 10.000000 10.000000 10.000000 10.000000 10.000000 10.000000 10.000000 10.000000 10.000000 10.000000 10.000000
10.000000 10.000000 10.000000 10.000000 10.000000 10.000000 10.000000 10.000000 10.000000 10.000000 10.000000 10.000000 10.000000 10.000000 10.000000 10.000000 10.000000 10.000000 10.000000 10.000000 10.000000
10.000000 10.000000 10.000000 10.000000 10.000000 10.000000 10.000000 10.000000 10.000000 10.000000 10.000000 10.000000 10.000000 10.000000 10.000000 10.000000 10.000000 10.000000 10.000000 10.000000 10.000000
10.000000 10.000000 10.000000 10.000000 10.000000 10.000000 10.000000 10.000000 10.000000 10.000000 10.000000 10.000000 10.000000 10.000000 10.000000 10.000000 10.000000 10.000000 10.000000 10.000000 10.000000
10.000000 10.000000 10.000000 10.000000 10.000000 10.000000 10.000000 10.000000 10.000000 10.000000 10.000000 10.000000 10.000000 10.000000 10.000000 10.000000 10.000000 10.000000 10.000000 10.000000 10.000000
10.000000 10.000000 10.000000 10.000000 10.000000 10.000000 10.000000 10.000000 10.000000 10.000000 10.000000 10.000000 10.000000 10.000000 10.000000 10.000000 10.000000 10.000000 10.000000 10.000000 10.000000
10.000000 10.000000 10.000000 10.000000 10.000000 10.000000 10.000000 10.000000 10.000000 10.000000 10.000000 10.000000 10.000000 10.000000 10.000000 10.000000 10.000000 10.000000 10.000000 10.000000 10.000000
10.000000 10.000000 10.000000 10.000000 10.000000 10.000000 10.000000 10.000000 10.000000 10.000000 10.000000 10.000000 10.000000 10.000000 10.000000 10.000000 10.000000 10.000000 10.000000 10.000000 10.000000
10.000000 10.000000 10.000000 10.000000 10.000000 10.000000 10.000000 10.000000 10.000000 10.000000 10.000000 10.000000 10.000000 10.000000 10.000000 10.000000 10.000000 10.000000 10.000000 10.000000 10.000000
10.000000 10.000000 10.000000 10.000000 10.000000 10.000000 10.000000 10.000000 10.000000 10.000000 10.000000 10.000000 10.000000 10.000000 10.000000 10.000000 10.000000 10.000000 10.000000 10.000000 10.000000
10.000000 10.000000 10.000000 10.000000 10.000000 10.000000 10.000000 10.000000 10.000000 10.000000 10.000000 10.000000 10.000000 10.000000 10.000000 10.000000 10.000000 10.000000 10.000000 10.000000 10.000000
10.000000 10.000000 10.000000 10.000000 10.000000 10.000000 10.000000 10.000000 10.000000 10.000000 10.000000 10.000000 10.000000 10.000000 10.000000 10.000000 10.000000 10.000000 10.000000 10.000000 10.000000
10.000000 10.000000 10.000000 10.000000 10.000000 10.000000 10.000000 10.000000 10.000000 10.000000 10.000000 10.000000 10.000000 10.000000 10.000000 10.000000 10.000000 10.000000 10.000000 10.000000 10.000000
10.000000 10.000000 10.000000 10.000000 10.000000 10.000000 10.000000 10.000000 10.000000 10.000000 10.000000 10.000000 10.000000 10.000000 10.000000 10.000000 10.000000 10.000000 10.000000 10.000000 10.000000
